0 0.994309 0.161369 0.011382 0.083130
0 0.927643 0.118582 0.131707 0.149144
0 0.808943 0.107580 0.144716 0.156479
0 0.695122 0.086797 0.147968 0.154034
0 0.571544 0.081907 0.141463 0.144254
0 0.448781 0.069682 0.139837 0.139364
0 0.318699 0.069682 0.139838 0.139364
0 0.195935 0.072127 0.141464 0.144254
0 0.034147 0.079462 0.068293 0.158924
0 0.952846 0.767726 0.094309 0.151589
0 0.963415 0.632029 0.073171 0.149144
0 0.941464 0.535452 0.117073 0.161369
0 0.934959 0.375306 0.130081 0.168704
0 0.703252 0.268948 0.216260 0.180929
0 0.600000 0.433985 0.175610 0.178484
0 0.463415 0.413203 0.156097 0.200489
0 0.325203 0.408313 0.178862 0.220048
0 0.186992 0.339854 0.214634 0.141809
0 0.050406 0.402201 0.100813 0.105135
0 0.081301 0.486553 0.162602 0.151589
0 0.124390 0.581908 0.248780 0.200489
0 0.800813 0.959658 0.294308 0.080685
0 0.660162 0.904645 0.331707 0.190709
0 0.556098 0.850855 0.260163 0.215159
0 0.463414 0.765281 0.250407 0.215159
0 0.236586 0.639364 0.261789 0.217604
