0 0.536006 0.191919 0.085597 0.056566
0 0.678669 0.149495 0.069293 0.052526
0 0.580163 0.131313 0.078804 0.048485
0 0.596467 0.147475 0.086957 0.036364
0 0.621603 0.177778 0.082880 0.048485
0 0.673913 0.120202 0.084240 0.038384
0 0.489810 0.164647 0.101902 0.046465
0 0.475544 0.123232 0.097827 0.048485
0 0.470108 0.138384 0.067935 0.042424
0 0.366168 0.130303 0.093750 0.042424
0 0.367527 0.162627 0.101902 0.054545
0 0.392663 0.188889 0.086956 0.058586
0 0.447690 0.213131 0.085598 0.062626
0 0.475544 0.244445 0.092391 0.068687
0 0.533968 0.274747 0.119565 0.080809
0 0.266304 0.274748 0.043478 0.056565
0 0.305706 0.347475 0.138587 0.096970
0 0.802989 0.237374 0.086956 0.074747
0 0.737092 0.256566 0.093750 0.064647
0 0.754076 0.269697 0.070652 0.038384
0 0.762908 0.313132 0.123641 0.084849
0 0.800272 0.353535 0.122283 0.080808
0 0.842391 0.439394 0.138587 0.094950
0 0.682745 0.590909 0.088315 0.159596
0 0.565217 0.577778 0.086957 0.157576
0 0.458560 0.560606 0.085598 0.167676
0 0.694294 0.826262 0.149457 0.210101
0 0.461956 0.809091 0.141305 0.228283
0 0.105299 0.756566 0.110054 0.228283
0 0.849185 0.164647 0.076087 0.058585
0 0.775136 0.175758 0.104620 0.060606
0 0.684443 0.224546 0.099049 0.067273
0 0.674511 0.197960 0.099973 0.052081
0 0.336277 0.078787 0.050272 0.048485
0 0.381114 0.076768 0.047554 0.048485
0 0.523098 0.059596 0.054348 0.046464
0 0.563859 0.055556 0.040761 0.042425
0 0.574728 0.226262 0.103261 0.064647
0 0.597826 0.050505 0.043478 0.044444
0 0.630435 0.049494 0.046196 0.050505
0 0.670516 0.051515 0.047554 0.042424
0 0.824728 0.065657 0.046196 0.050505
0 0.788723 0.071717 0.066576 0.046464
0 0.771060 0.135353 0.091033 0.044445
