0 0.311719 0.364844 0.249479 0.143750
0 0.113021 0.440234 0.226042 0.135156
0 0.526693 0.291016 0.232031 0.152344
0 0.916927 0.393750 0.166146 0.160938
0 0.095755 0.651953 0.191510 0.244532
0 0.339843 0.768359 0.275521 0.258594
0 0.555208 0.808593 0.281250 0.253125
0 0.295573 0.511054 0.294270 0.154453
0 0.481250 0.559376 0.302084 0.178125
0 0.572396 0.651953 0.233334 0.194531
0 0.390338 0.409414 0.201511 0.109454
0 0.713021 0.208593 0.232292 0.145313
0 0.166536 0.488281 0.169011 0.120313
0 0.050260 0.514844 0.100521 0.059375
0 0.792865 0.720703 0.245521 0.216406
0 0.199219 0.708985 0.350521 0.275781
0 0.732813 0.266367 0.186459 0.110859
0 0.790104 0.315625 0.308333 0.157812
0 0.706249 0.459375 0.271875 0.200000
0 0.768490 0.574218 0.213021 0.203125
0 0.932031 0.617968 0.135938 0.228125
0 0.546927 0.423828 0.206354 0.128906
0 0.925521 0.494922 0.148958 0.200782
0 0.564948 0.338359 0.208646 0.112656
0 0.986198 0.147266 0.027604 0.064844
0 0.886459 0.104688 0.227083 0.179687
0 0.898567 0.199609 0.168489 0.114844
0 0.958541 0.246874 0.082917 0.146875
