0 0.693000 0.142342 0.030000 0.036637
0 0.662000 0.142643 0.030000 0.036036
0 0.143050 0.134384 0.043900 0.055555
0 0.175100 0.141892 0.033000 0.034534
0 0.294650 0.139640 0.029900 0.030030
0 0.441850 0.134459 0.026300 0.031982
0 0.474000 0.133408 0.023800 0.032583
0 0.326690 0.070330 0.020600 0.021772
0 0.305490 0.068228 0.020200 0.021472
0 0.283890 0.068528 0.023400 0.029879
0 0.204930 0.097553 0.018700 0.027928
0 0.234950 0.091321 0.020900 0.019219
0 0.258070 0.095270 0.024700 0.026426
0 0.280040 0.094399 0.023100 0.023423
0 0.305590 0.091479 0.027900 0.029504
0 0.355505 0.088153 0.024410 0.029129
0 0.378055 0.089339 0.020810 0.026276
0 0.404670 0.089249 0.019500 0.026727
0 0.428920 0.090750 0.019000 0.024925
0 0.501300 0.084610 0.019800 0.024625
0 0.526590 0.081884 0.020500 0.031036
0 0.549140 0.079459 0.019900 0.028078
0 0.574290 0.078994 0.019400 0.023274
0 0.599990 0.079594 0.020600 0.030481
0 0.624090 0.080616 0.019980 0.022823
0 0.647640 0.078799 0.023400 0.029430
0 0.671670 0.077973 0.018540 0.023274
0 0.799720 0.092342 0.039500 0.031832
0 0.789375 0.086337 0.028190 0.019219
0 0.789120 0.081892 0.036600 0.020120
0 0.784220 0.077538 0.045200 0.023123
0 0.771820 0.072057 0.034600 0.022372
0 0.769210 0.065270 0.055580 0.030240
0 0.753270 0.057792 0.029700 0.019069
0 0.819560 0.095796 0.059300 0.031381
0 0.825310 0.104129 0.058600 0.037838
0 0.833010 0.111906 0.041500 0.027177
0 0.840310 0.118138 0.044900 0.036636
0 0.374225 0.103033 0.022290 0.028378
0 0.349060 0.102853 0.023000 0.027328
0 0.295440 0.105961 0.026000 0.031682
0 0.242120 0.106036 0.026560 0.030180
0 0.802800 0.026501 0.024600 0.019969
0 0.216140 0.103258 0.030800 0.039640
0 0.228655 0.008423 0.028310 0.016066
0 0.045010 0.092493 0.015600 0.024325
0 0.197660 0.072898 0.023500 0.024624
0 0.172800 0.074175 0.026600 0.026727
0 0.482950 0.006006 0.030700 0.012012
0 0.452950 0.088138 0.019900 0.026126
0 0.477750 0.086412 0.017500 0.025675
0 0.527750 0.095571 0.019500 0.031982
0 0.551100 0.094369 0.020400 0.032583
0 0.681650 0.088589 0.023300 0.030030
0 0.577650 0.090540 0.022900 0.036937
0 0.606000 0.092493 0.024400 0.031831
0 0.630950 0.092342 0.023900 0.029129
0 0.535250 0.131081 0.022500 0.031232
0 0.658500 0.090991 0.023000 0.028828
0 0.501450 0.094894 0.019100 0.033033
0 0.544270 0.060690 0.016100 0.026427
0 0.566150 0.059474 0.017300 0.024625
0 0.329300 0.399474 0.057400 0.095945
0 0.394500 0.395645 0.047000 0.082583
0 0.588030 0.059129 0.017500 0.023874
0 0.607770 0.057688 0.019200 0.024625
0 0.629780 0.056637 0.019400 0.025225
0 0.651630 0.056441 0.019800 0.024325
0 0.673940 0.055705 0.020900 0.023573
0 0.651400 0.126201 0.023600 0.033183
0 0.682300 0.120045 0.033400 0.035886
0 0.711550 0.122447 0.027100 0.029279
0 0.860550 0.122297 0.067700 0.041892
0 0.694995 0.055331 0.020410 0.023423
0 0.715470 0.054189 0.021400 0.025526
0 0.758040 0.030721 0.019100 0.018168
0 0.749865 0.026982 0.020130 0.019820
0 0.737630 0.024204 0.014200 0.016066
0 0.526310 0.005608 0.015400 0.011216
0 0.569270 0.005120 0.019000 0.010240
0 0.713650 0.010270 0.013600 0.014114
0 0.783890 0.020511 0.021700 0.020271
0 0.769090 0.015248 0.017300 0.017282
0 0.857450 0.080556 0.037300 0.032283
0 0.937500 0.080330 0.031000 0.028529
0 0.965300 0.080856 0.030400 0.027478
0 0.986200 0.080256 0.027600 0.028679
0 0.952050 0.047523 0.028100 0.023273
0 0.915250 0.049550 0.026500 0.024024
0 0.867500 0.050300 0.029000 0.022523
0 0.269000 0.391892 0.066000 0.111111
0 0.212600 0.402327 0.063200 0.084234
0 0.153200 0.394895 0.071600 0.099099
0 0.086900 0.396396 0.098200 0.135135
0 0.027250 0.411937 0.054500 0.086036
0 0.004000 0.390466 0.008000 0.023873
0 0.010000 0.332583 0.020000 0.037537
0 0.037400 0.353228 0.074800 0.066216
0 0.250600 0.332583 0.055200 0.076577
0 0.409100 0.337163 0.042200 0.058709
0 0.614500 0.314565 0.051000 0.094595
0 0.833400 0.032657 0.028400 0.023273
0 0.775400 0.325526 0.057200 0.059459
0 0.875800 0.315766 0.078400 0.075976
0 0.989500 0.263514 0.021000 0.034535
0 0.562850 0.128753 0.023300 0.032883
0 0.594050 0.128079 0.022900 0.030931
0 0.983000 0.236186 0.034000 0.039940
0 0.752900 0.213213 0.050200 0.072072
0 0.710800 0.231232 0.042400 0.051051
0 0.505600 0.233484 0.031200 0.049549
0 0.452250 0.394744 0.050900 0.099399
0 0.508850 0.391892 0.048100 0.084084
0 0.572250 0.389640 0.046500 0.082583
0 0.631000 0.385135 0.046000 0.079580
0 0.686000 0.384384 0.052000 0.078078
0 0.757500 0.391892 0.061000 0.066066
0 0.809500 0.379880 0.061000 0.078078
0 0.868000 0.376126 0.070000 0.085586
0 0.927000 0.375375 0.072000 0.081081
0 0.980000 0.583333 0.040000 0.088589
0 0.942500 0.614865 0.115000 0.133634
0 0.864400 0.614940 0.101200 0.133484
0 0.694500 0.624624 0.075000 0.123123
0 0.612500 0.612613 0.071000 0.108108
0 0.530000 0.628378 0.066200 0.130631
0 0.441550 0.632132 0.069100 0.123123
0 0.357500 0.633634 0.071000 0.138138
0 0.256000 0.641141 0.092000 0.132132
0 0.176000 0.643393 0.090000 0.121621
0 0.094150 0.630706 0.135700 0.179730
0 0.034000 0.643393 0.068000 0.127627
0 0.033000 0.811562 0.066000 0.187687
0 0.104000 0.825075 0.128000 0.220720
0 0.210000 0.807808 0.108000 0.201201
0 0.317500 0.804054 0.097000 0.202702
0 0.425000 0.798348 0.080000 0.208108
0 0.526500 0.793543 0.083000 0.208709
0 0.634000 0.787687 0.098000 0.244445
0 0.734000 0.786787 0.106000 0.222222
0 0.836000 0.779280 0.122000 0.207207
0 0.774700 0.610361 0.087400 0.127627
0 0.731950 0.017222 0.013500 0.020330
0 0.522840 0.060795 0.018100 0.028679
0 0.499820 0.060646 0.017800 0.031531
0 0.478360 0.060721 0.017800 0.030180
0 0.456630 0.063769 0.017100 0.025075
0 0.413140 0.064534 0.016500 0.025375
0 0.393060 0.066802 0.018600 0.023724
0 0.369540 0.064242 0.022480 0.029174
0 0.348330 0.067102 0.020660 0.023424
0 0.332290 0.089145 0.027700 0.031231
0 0.351000 0.235736 0.048000 0.072072
0 0.020700 0.253003 0.041400 0.049550
0 0.002000 0.157658 0.004000 0.015015
0 0.010000 0.146396 0.020000 0.022523
0 0.016500 0.137387 0.033000 0.025525
0 0.090250 0.156907 0.047500 0.052552
0 0.181400 0.155705 0.037400 0.047147
0 0.313550 0.155406 0.031100 0.034535
0 0.542650 0.202103 0.030700 0.046847
0 0.616000 0.195570 0.036000 0.051801
0 0.660500 0.189940 0.037000 0.058558
0 0.725100 0.195045 0.024600 0.041742
0 0.911750 0.168919 0.065500 0.037538
0 0.887000 0.156907 0.048000 0.031532
0 0.885450 0.145195 0.062900 0.032132
0 0.865750 0.139189 0.051500 0.029129
0 0.725500 0.139790 0.031000 0.036336
