0 0.032813 0.969375 0.065625 0.061250
0 0.528906 0.630000 0.556250 0.385000
0 0.252343 0.748750 0.504687 0.405000
0 0.147265 0.435625 0.294531 0.373750
0 0.570547 0.291875 0.606718 0.361250
0 0.202734 0.240438 0.314844 0.313375
0 0.266015 0.053750 0.397657 0.107500
0 0.074219 0.029188 0.114062 0.058375
0 0.042969 0.084375 0.085938 0.168750
0 0.047656 0.201250 0.095312 0.095000
0 0.819922 0.258750 0.360156 0.352500
0 0.800781 0.544063 0.398438 0.316875
0 0.880078 0.811875 0.239844 0.273750
0 0.666797 0.880625 0.666406 0.238750
0 0.474844 0.988750 0.233750 0.022500
0 0.169140 0.872500 0.338281 0.255000
