0 0.362225 0.165404 0.200777 0.196768
0 0.723485 0.109428 0.119318 0.154882
0 0.383755 0.462550 0.263134 0.194865
0 0.513684 0.435665 0.217898 0.183888
0 0.506539 0.636608 0.277774 0.251532
0 0.340980 0.673897 0.281032 0.286818
0 0.965436 0.937711 0.069129 0.097643
0 0.886837 0.975589 0.226326 0.048822
0 0.949811 0.789562 0.100379 0.202020
0 0.948864 0.650673 0.102273 0.170033
0 0.914299 0.500842 0.171402 0.196970
0 0.947917 0.416667 0.104167 0.099327
0 0.791193 0.533670 0.262310 0.249158
0 0.710464 0.600674 0.243844 0.243097
0 0.155445 0.512205 0.244602 0.236532
0 0.066762 0.598485 0.133523 0.170034
0 0.094224 0.793771 0.188447 0.301346
0 0.225047 0.746633 0.279072 0.227272
0 0.967803 0.164983 0.064394 0.107744
0 0.609849 0.395202 0.234849 0.174242
0 0.718276 0.323232 0.247159 0.215488
0 0.877841 0.320707 0.227272 0.173400
0 0.908144 0.268097 0.183712 0.192761
0 0.290720 0.918350 0.261364 0.163300
0 0.246212 0.197812 0.208334 0.196969
0 0.077178 0.276936 0.154356 0.180134
0 0.026041 0.323232 0.052083 0.141414
