0 0.263731 0.981482 0.095644 0.037037
0 0.149147 0.984007 0.139205 0.031987
0 0.084280 0.941078 0.168561 0.117845
0 0.055398 0.911616 0.110795 0.136364
0 0.019413 0.821549 0.038826 0.053872
0 0.920928 0.977272 0.135416 0.045455
0 0.805397 0.917509 0.173295 0.164983
0 0.722538 0.870370 0.132576 0.168350
0 0.626421 0.823232 0.139205 0.134680
0 0.553030 0.762626 0.149621 0.168350
0 0.462121 0.743266 0.123106 0.132996
0 0.407670 0.681818 0.125947 0.141414
0 0.352746 0.654883 0.110796 0.117845
0 0.286459 0.633838 0.114583 0.116161
0 0.228220 0.600168 0.130682 0.126263
0 0.184659 0.568182 0.132576 0.126262
0 0.101326 0.539562 0.130682 0.102694
0 0.246212 0.471381 0.132576 0.090909
0 0.379262 0.539562 0.116477 0.102694
0 0.747159 0.719697 0.125000 0.136364
0 0.922349 0.779462 0.155303 0.178451
0 0.981061 0.615320 0.037879 0.099326
0 0.813921 0.534512 0.116477 0.119529
0 0.845171 0.437711 0.097537 0.084175
0 0.784280 0.432660 0.085606 0.087542
0 0.208333 0.430976 0.132576 0.124579
0 0.160038 0.398989 0.130682 0.144781
0 0.044507 0.484849 0.089015 0.097643
0 0.025094 0.427609 0.050189 0.033670
0 0.050190 0.382155 0.094697 0.067340
0 0.010890 0.338384 0.021780 0.060606
0 0.486269 0.408249 0.097538 0.089226
0 0.574811 0.366162 0.098485 0.072391
0 0.433049 0.382744 0.085795 0.079630
0 0.521875 0.337542 0.090720 0.075758
0 0.477273 0.321549 0.080492 0.070707
0 0.394887 0.361953 0.079545 0.084175
0 0.283902 0.320707 0.089393 0.075758
0 0.433949 0.306481 0.074337 0.060775
0 0.230824 0.308081 0.071118 0.067340
0 0.391856 0.304714 0.056440 0.060606
0 0.342330 0.281987 0.080493 0.062289
0 0.260890 0.251684 0.086174 0.048821
0 0.153883 0.281987 0.091856 0.058923
0 0.222349 0.243603 0.054545 0.054882
0 0.186364 0.233165 0.051894 0.052188
0 0.122089 0.260522 0.087055 0.079158
0 0.085578 0.251700 0.072254 0.071717
0 0.037136 0.242761 0.074271 0.057912
0 0.089943 0.197643 0.056060 0.044108
0 0.130379 0.202020 0.079546 0.031650
0 0.140843 0.213805 0.061458 0.032660
0 0.947917 0.356061 0.071970 0.072391
0 0.987689 0.324916 0.024621 0.060606
0 0.838542 0.319949 0.080493 0.067171
0 0.908996 0.296296 0.075947 0.060606
0 0.779167 0.310606 0.075379 0.062290
0 0.855019 0.269360 0.070266 0.053872
0 0.709754 0.286195 0.076704 0.067340
0 0.625474 0.259007 0.080493 0.067845
0 0.796449 0.266835 0.058807 0.048822
0 0.755838 0.259099 0.056184 0.058670
0 0.714242 0.239099 0.061913 0.056010
0 0.673674 0.237769 0.047595 0.055269
0 0.578817 0.242424 0.068561 0.065488
0 0.532727 0.237121 0.066818 0.061818
0 0.500753 0.226204 0.056316 0.056010
0 0.435606 0.205219 0.068182 0.057576
0 0.603693 0.207913 0.071023 0.042087
0 0.384564 0.203452 0.056818 0.054377
0 0.357055 0.188830 0.061496 0.059882
0 0.319352 0.181667 0.044669 0.059057
0 0.285914 0.171928 0.054138 0.052845
0 0.564773 0.193132 0.050890 0.034613
0 0.533191 0.184992 0.058750 0.047997
0 0.508400 0.178443 0.070360 0.056448
0 0.462827 0.175092 0.054820 0.045673
0 0.432311 0.162155 0.049754 0.033738
0 0.410279 0.149865 0.065862 0.054074
0 0.366776 0.146465 0.030407 0.037576
0 0.363503 0.138594 0.062311 0.043148
0 0.068797 0.106094 0.051932 0.043030
0 0.060843 0.086296 0.048296 0.040202
0 0.012599 0.062231 0.025199 0.044125
0 0.069929 0.045867 0.095180 0.066178
0 0.134834 0.041986 0.043362 0.031751
0 0.095076 0.076170 0.030000 0.022542
0 0.107547 0.101860 0.045682 0.039512
0 0.120161 0.069899 0.029186 0.017778
0 0.136387 0.090959 0.054271 0.047273
0 0.146004 0.061380 0.035871 0.027407
0 0.174844 0.086229 0.048816 0.037340
0 0.199394 0.080412 0.046364 0.039277
0 0.179432 0.057559 0.030871 0.026936
0 0.189024 0.034259 0.053409 0.029697
0 0.222537 0.026835 0.040625 0.029630
0 0.257888 0.015168 0.046932 0.029495
0 0.288475 0.012373 0.026421 0.023805
0 0.309252 0.011296 0.039204 0.022593
0 0.215340 0.053299 0.036553 0.018855
0 0.240957 0.052879 0.039299 0.037879
0 0.267083 0.037786 0.042273 0.030118
0 0.295833 0.041229 0.029773 0.038990
0 0.316458 0.031633 0.030795 0.021414
0 0.346402 0.025674 0.031363 0.012323
0 0.368503 0.020825 0.027159 0.012324
0 0.395493 0.026885 0.036137 0.033737
0 0.230720 0.077660 0.047538 0.037542
0 0.282519 0.064512 0.049906 0.038216
0 0.331619 0.051381 0.047159 0.039899
0 0.362538 0.046920 0.025474 0.030303
0 0.382850 0.041279 0.044318 0.036532
0 0.425360 0.012803 0.042273 0.025606
0 0.478537 0.015834 0.044726 0.031667
0 0.181591 0.124100 0.057272 0.047525
0 0.217519 0.110042 0.035038 0.026178
0 0.241800 0.132466 0.064773 0.054057
0 0.248911 0.101111 0.039962 0.024242
0 0.283759 0.098922 0.036363 0.027947
0 0.313874 0.091768 0.038447 0.025421
0 0.393324 0.065050 0.033902 0.017171
0 0.425663 0.055875 0.042140 0.020707
0 0.457244 0.057307 0.031061 0.017171
0 0.479782 0.046195 0.037500 0.022896
0 0.492850 0.034748 0.042235 0.023905
0 0.527226 0.022458 0.044697 0.035354
0 0.344631 0.111448 0.041477 0.038889
0 0.357244 0.075943 0.042955 0.037576
0 0.277727 0.123990 0.048958 0.045454
0 0.313381 0.120539 0.044129 0.041919
0 0.377586 0.104461 0.044697 0.039731
0 0.399649 0.094445 0.050189 0.046633
0 0.427727 0.088720 0.051042 0.048317
0 0.453390 0.083838 0.041004 0.040909
0 0.480473 0.077525 0.044791 0.040404
0 0.512822 0.071650 0.049148 0.047812
0 0.526473 0.046305 0.041183 0.026414
0 0.551903 0.064849 0.052500 0.035387
0 0.574432 0.056398 0.052178 0.037879
0 0.576894 0.024537 0.045738 0.049074
0 0.658675 0.040640 0.056155 0.037710
0 0.477670 0.120488 0.046781 0.052694
0 0.512803 0.126633 0.049810 0.049494
0 0.542310 0.136532 0.045265 0.042592
0 0.575497 0.140236 0.052282 0.056902
0 0.584062 0.102492 0.046969 0.032660
0 0.613134 0.114141 0.060037 0.035017
0 0.615170 0.146397 0.058049 0.053872
0 0.651425 0.157660 0.059290 0.047980
0 0.669034 0.122559 0.035228 0.034344
0 0.703130 0.134680 0.070464 0.055219
0 0.720303 0.170791 0.058750 0.055758
0 0.748684 0.179814 0.057671 0.053199
0 0.788078 0.191179 0.068466 0.059091
0 0.830692 0.202794 0.062595 0.056397
0 0.921453 0.222492 0.070521 0.058755
0 0.774564 0.144781 0.046250 0.043030
0 0.816268 0.150438 0.054659 0.049495
0 0.854062 0.164932 0.052065 0.050505
0 0.899593 0.173939 0.060682 0.059629
0 0.935526 0.181818 0.059725 0.042424
0 0.977097 0.190522 0.045805 0.066060
0 0.995109 0.209394 0.009782 0.039260
0 0.671951 0.072938 0.053239 0.051566
0 0.705607 0.075505 0.055019 0.050674
0 0.734915 0.082913 0.053030 0.050337
0 0.762377 0.088350 0.048182 0.051313
0 0.792111 0.095573 0.048295 0.046465
0 0.818210 0.103779 0.049905 0.044596
0 0.854683 0.106574 0.053589 0.052610
0 0.886254 0.114394 0.052225 0.044848
0 0.925871 0.114192 0.058618 0.067004
0 0.968722 0.126481 0.061932 0.056229
0 0.958921 0.087710 0.035795 0.025859
0 0.986704 0.099781 0.026591 0.046970
0 0.719877 0.048914 0.025492 0.007761
0 0.749100 0.057559 0.043087 0.016666
0 0.757434 0.029949 0.044223 0.042593
0 0.792519 0.023502 0.029091 0.034747
0 0.829554 0.031162 0.068409 0.062323
0 0.846624 0.044756 0.046638 0.038064
0 0.878788 0.007526 0.031326 0.015051
0 0.819981 0.072550 0.032728 0.018671
0 0.850526 0.074866 0.043911 0.026667
0 0.894436 0.080926 0.050729 0.031516
0 0.911956 0.055581 0.050047 0.038064
0 0.911415 0.021650 0.053589 0.039024
0 0.954573 0.036313 0.034091 0.028114
0 0.961051 0.012340 0.038314 0.024680
0 0.986558 0.014158 0.026884 0.028316
0 0.984034 0.035589 0.031932 0.025690
0 0.974565 0.064630 0.047727 0.040000
