0 0.044271 0.367188 0.088542 0.090625
0 0.348083 0.006476 0.054167 0.012953
0 0.129547 0.007227 0.019968 0.014453
0 0.157370 0.009477 0.038614 0.018953
0 0.186921 0.012984 0.024677 0.025969
0 0.215406 0.016875 0.067396 0.033750
0 0.294135 0.018328 0.068041 0.036656
0 0.721000 0.046672 0.046500 0.045000
0 0.755807 0.089640 0.047698 0.060313
0 0.512656 0.015242 0.065042 0.030484
0 0.570364 0.042015 0.074875 0.045563
0 0.419229 0.029360 0.046750 0.027375
0 0.407166 0.045859 0.078125 0.048000
0 0.335291 0.020547 0.062375 0.026250
0 0.341417 0.038078 0.055125 0.037312
0 0.316385 0.048977 0.074521 0.031859
0 0.323230 0.064507 0.083875 0.044547
0 0.492188 0.067859 0.072791 0.034344
0 0.256718 0.041781 0.053521 0.045188
0 0.236146 0.048437 0.079375 0.031499
0 0.313094 0.083953 0.083646 0.046250
0 0.231916 0.066726 0.089083 0.055421
0 0.220260 0.080148 0.092729 0.048829
0 0.490036 0.085617 0.084323 0.048203
0 0.581979 0.086281 0.082916 0.045500
0 0.582890 0.109359 0.064739 0.050750
0 0.484130 0.111836 0.081198 0.056234
0 0.401943 0.103954 0.066760 0.025781
0 0.399933 0.097922 0.087969 0.042782
0 0.295011 0.111672 0.097667 0.060906
0 0.212162 0.102781 0.087343 0.041156
0 0.203604 0.121383 0.082958 0.045422
0 0.614641 0.123953 0.095906 0.064188
0 0.516558 0.124445 0.090719 0.030172
0 0.498177 0.157367 0.065292 0.055422
0 0.398229 0.128016 0.097292 0.060907
0 0.297204 0.135008 0.093927 0.046422
0 0.194818 0.132321 0.093094 0.041703
0 0.531828 0.133500 0.062364 0.032375
0 0.731427 0.171211 0.061730 0.077954
0 0.638469 0.171992 0.089250 0.057328
0 0.535651 0.170039 0.102490 0.065516
0 0.407922 0.156742 0.098386 0.060078
0 0.301458 0.156758 0.098000 0.045484
0 0.306453 0.164781 0.069990 0.010750
0 0.655104 0.188281 0.093958 0.060938
0 0.550781 0.188594 0.104688 0.045938
0 0.424844 0.182578 0.101562 0.055781
0 0.322917 0.190625 0.118750 0.053126
0 0.202396 0.149453 0.084792 0.029218
0 0.804688 0.157812 0.080209 0.062500
0 0.853646 0.187500 0.107292 0.065624
0 0.668386 0.207031 0.088229 0.029687
0 0.561198 0.220625 0.109270 0.072500
0 0.441250 0.202344 0.101250 0.051562
0 0.202083 0.178906 0.118750 0.060937
0 0.198437 0.201563 0.119791 0.046875
0 0.081771 0.180469 0.076042 0.079687
0 0.441667 0.235156 0.077083 0.064063
0 0.327083 0.227343 0.125000 0.060937
0 0.186302 0.240235 0.128854 0.080469
0 0.149271 0.275938 0.142292 0.089375
0 0.846146 0.220625 0.027708 0.049374
0 0.925000 0.235156 0.150000 0.120312
0 0.672396 0.242188 0.123958 0.071875
0 0.541198 0.253906 0.124062 0.082812
0 0.421875 0.250000 0.097916 0.037500
0 0.291146 0.267578 0.130208 0.082032
0 0.009375 0.261718 0.018750 0.114063
0 0.169896 0.296875 0.116458 0.053124
0 0.938021 0.292187 0.123958 0.099999
0 0.691666 0.271094 0.129167 0.064062
0 0.560938 0.294532 0.123959 0.079687
0 0.423959 0.295312 0.133333 0.087499
0 0.291146 0.310938 0.113542 0.075000
0 0.704688 0.327344 0.138541 0.092187
0 0.575000 0.332813 0.102084 0.084375
0 0.457291 0.345313 0.108333 0.081249
0 0.325521 0.346875 0.136458 0.081250
0 0.175156 0.355469 0.154479 0.089063
0 0.232292 0.400000 0.127083 0.087500
0 0.359375 0.381250 0.112500 0.075000
0 0.490625 0.374219 0.110416 0.089062
0 0.609895 0.369532 0.115625 0.067187
0 0.731250 0.360156 0.114584 0.076563
0 0.740625 0.421875 0.120834 0.093750
0 0.611458 0.410938 0.114583 0.084375
0 0.476562 0.427343 0.126041 0.079687
0 0.341666 0.431250 0.133333 0.068750
0 0.192708 0.437500 0.137500 0.068750
0 0.080208 0.401563 0.137500 0.081250
0 0.783334 0.471875 0.129167 0.093750
0 0.633282 0.468750 0.126979 0.075000
0 0.488021 0.482812 0.132292 0.090625
0 0.343750 0.485938 0.139584 0.096875
0 0.186459 0.481250 0.147917 0.081250
0 0.056250 0.452344 0.112500 0.076563
0 0.055209 0.503906 0.110417 0.079688
0 0.816667 0.516406 0.150000 0.079688
0 0.673958 0.527344 0.137500 0.114062
0 0.514063 0.535157 0.155209 0.098437
0 0.355209 0.550781 0.147917 0.101562
0 0.192188 0.558593 0.159375 0.120313
0 0.056250 0.576016 0.112500 0.114531
0 0.968229 0.389844 0.063542 0.092187
0 0.942187 0.487501 0.115625 0.153125
0 0.828645 0.596875 0.190625 0.118750
0 0.639063 0.599219 0.188541 0.101562
0 0.453125 0.616406 0.160416 0.110938
0 0.280729 0.630469 0.163542 0.114062
0 0.659375 0.704688 0.214584 0.156250
0 0.435417 0.717187 0.206250 0.140625
0 0.235938 0.717187 0.173959 0.143750
0 0.071875 0.731250 0.143750 0.131250
0 0.004687 0.840625 0.009375 0.096874
0 0.114063 0.829688 0.213541 0.175000
0 0.666146 0.874219 0.255208 0.220313
0 0.417187 0.922656 0.238541 0.154687
0 0.161458 0.922656 0.243750 0.154687
0 0.879687 0.685937 0.217709 0.153125
0 0.098959 0.649219 0.183333 0.114063
