0 0.824262 0.386361 0.167914 0.150472
0 0.411718 0.583333 0.307813 0.230555
0 0.749141 0.614410 0.244422 0.238681
0 0.027231 0.428743 0.054461 0.040180
0 0.221243 0.444084 0.179219 0.206805
0 0.057387 0.499583 0.114773 0.134750
0 0.064196 0.387354 0.118891 0.148430
0 0.022547 0.343646 0.045094 0.118958
0 0.024352 0.265653 0.048703 0.052833
0 0.087278 0.293548 0.113211 0.059959
0 0.190176 0.332417 0.134508 0.061500
0 0.333738 0.418576 0.175664 0.161486
0 0.541434 0.416924 0.164429 0.160791
0 0.459215 0.390646 0.159742 0.138042
0 0.392730 0.340534 0.122445 0.082625
0 0.318493 0.319347 0.140281 0.071306
0 0.275508 0.302909 0.120140 0.069569
0 0.697785 0.451472 0.185946 0.181667
0 0.844218 0.556986 0.260891 0.218000
0 0.932504 0.534875 0.134992 0.186028
0 0.976461 0.424007 0.047078 0.100792
0 0.979379 0.350209 0.041242 0.101305
0 0.571484 0.722222 0.366406 0.347222
0 0.836410 0.324722 0.110211 0.068278
0 0.681457 0.352924 0.120226 0.048681
0 0.944989 0.318487 0.110023 0.127639
0 0.873781 0.284048 0.098516 0.078959
0 0.786914 0.287695 0.099906 0.076195
0 0.692012 0.319354 0.118273 0.067292
0 0.608926 0.335931 0.103008 0.060861
0 0.541684 0.315341 0.095836 0.045625
0 0.477239 0.299785 0.100695 0.048375
0 0.414836 0.283549 0.080484 0.032486
0 0.752703 0.119438 0.070547 0.039403
0 0.494617 0.181965 0.053438 0.035292
0 0.385875 0.177910 0.054812 0.042042
0 0.225676 0.184938 0.044602 0.048097
0 0.184293 0.179368 0.035648 0.056042
0 0.071348 0.178951 0.040977 0.062819
0 0.027606 0.170930 0.055211 0.094473
0 0.837843 0.189902 0.058359 0.028917
0 0.875093 0.179819 0.067453 0.048027
0 0.260211 0.250784 0.069000 0.022931
0 0.216898 0.240993 0.065343 0.022542
0 0.587234 0.262305 0.076985 0.046861
0 0.525765 0.255466 0.075813 0.043125
0 0.482258 0.241791 0.054625 0.030417
0 0.436863 0.241791 0.074258 0.048389
0 0.365687 0.245215 0.076141 0.042792
0 0.311660 0.258153 0.075024 0.029861
0 0.641961 0.279716 0.090422 0.060847
0 0.364738 0.270722 0.073070 0.027222
0 0.450297 0.262479 0.092468 0.032347
0 0.559379 0.283632 0.124008 0.049764
0 0.710965 0.269951 0.095180 0.052264
0 0.224446 0.284548 0.104781 0.046653
0 0.099442 0.250160 0.079507 0.031792
0 0.142211 0.261563 0.092344 0.043541
0 0.184297 0.278667 0.110031 0.056333
