0 0.224375 0.632959 0.261250 0.232210
0 0.056875 0.717229 0.113750 0.224719
0 0.037500 0.859550 0.075000 0.161049
0 0.285000 0.872659 0.342500 0.254682
0 0.037500 0.958801 0.075000 0.082397
0 0.590625 0.858615 0.338750 0.264045
0 0.902500 0.046816 0.195000 0.093633
0 0.698125 0.043071 0.198750 0.086142
0 0.500000 0.032772 0.195000 0.065543
0 0.451875 0.120787 0.263750 0.174157
0 0.313750 0.044007 0.182500 0.088015
0 0.081875 0.023408 0.163750 0.046816
0 0.076250 0.077715 0.152500 0.121723
0 0.138125 0.134831 0.243750 0.142323
0 0.240625 0.216292 0.258750 0.144195
0 0.490625 0.214419 0.238750 0.129213
0 0.883125 0.150749 0.233750 0.136704
0 0.731875 0.237827 0.206250 0.138577
0 0.943125 0.241573 0.113750 0.157304
0 0.963125 0.330524 0.073750 0.155431
0 0.756875 0.344569 0.243750 0.164794
0 0.477500 0.324906 0.297500 0.204120
0 0.238125 0.320225 0.268750 0.183521
0 0.038750 0.207866 0.077500 0.093633
0 0.045625 0.308989 0.091250 0.123596
0 0.096875 0.533708 0.193750 0.176030
0 0.431875 0.555244 0.298750 0.185393
0 0.953750 0.528090 0.092500 0.149812
0 0.756250 0.546817 0.287500 0.191011
0 0.863125 0.659176 0.273750 0.213484
0 0.888750 0.864232 0.222500 0.264045
0 0.601250 0.701310 0.335000 0.230337
