0 0.684167 0.231666 0.123333 0.123333
0 0.594583 0.259445 0.117500 0.132223
0 0.459167 0.762222 0.190000 0.277778
0 0.819520 0.181395 0.127225 0.088167
0 0.909825 0.484422 0.180350 0.181844
0 0.947383 0.388505 0.060800 0.084123
0 0.613750 0.692222 0.214166 0.260000
0 0.163750 0.427223 0.110834 0.183333
0 0.042500 0.473334 0.085000 0.155555
0 0.432917 0.502778 0.255833 0.150000
0 0.274583 0.375000 0.124167 0.185556
0 0.407500 0.327777 0.130000 0.151111
0 0.092500 0.890000 0.156666 0.220000
0 0.303333 0.861111 0.175000 0.277778
0 0.508333 0.290555 0.113333 0.143333
0 0.864583 0.281111 0.170833 0.142222
0 0.840833 0.552222 0.205000 0.204444
