0 0.247000 0.771772 0.138000 0.144144
0 0.580000 0.734235 0.084000 0.075075
0 0.509000 0.731232 0.082000 0.075075
0 0.458000 0.725226 0.064000 0.069069
0 0.924000 0.786787 0.152000 0.102102
0 0.957000 0.735736 0.086000 0.072072
0 0.986600 0.921186 0.026800 0.157628
0 0.137000 0.759760 0.134000 0.126126
0 0.083120 0.701636 0.057400 0.014385
0 0.158400 0.694895 0.089200 0.013814
0 0.292400 0.709159 0.099600 0.048348
0 0.010640 0.878303 0.021280 0.113363
0 0.025000 0.716217 0.050000 0.057057
0 0.051000 0.761262 0.102000 0.111111
0 0.378000 0.783784 0.168000 0.156156
0 0.666000 0.728228 0.096000 0.093093
