0 0.548437 0.464236 0.043403 0.035416
0 0.469734 0.464528 0.054170 0.013472
0 0.437377 0.469017 0.053740 0.025229
0 0.852777 0.546180 0.154861 0.089583
0 0.769444 0.511459 0.129861 0.092361
0 0.106609 0.525386 0.068885 0.069659
0 0.376736 0.790278 0.561806 0.419444
0 0.425868 0.581597 0.353820 0.206250
0 0.946137 0.596583 0.107726 0.115000
0 0.699439 0.509108 0.027260 0.049271
0 0.688403 0.497639 0.055903 0.049166
0 0.677778 0.484375 0.050000 0.036806
0 0.586285 0.468403 0.035764 0.038194
0 0.471026 0.475590 0.113226 0.018042
