0 0.140625 0.902084 0.126562 0.195833
0 0.050390 0.799306 0.100781 0.204167
0 0.217187 0.852083 0.131251 0.281945
0 0.296484 0.188194 0.096093 0.156945
0 0.427343 0.278472 0.109375 0.181944
0 0.371875 0.353472 0.104688 0.170833
0 0.282813 0.752014 0.140625 0.268194
0 0.344531 0.673612 0.128125 0.236111
0 0.045703 0.936736 0.091406 0.126528
0 0.410547 0.588194 0.125782 0.229167
0 0.470313 0.516667 0.120313 0.216667
0 0.529297 0.447917 0.127344 0.215278
0 0.763406 0.805646 0.113328 0.161180
0 0.699895 0.915063 0.106429 0.169875
0 0.546874 0.185417 0.103125 0.165278
0 0.134375 0.058334 0.068750 0.116667
0 0.831562 0.704166 0.142813 0.219445
0 0.643750 0.343750 0.135938 0.201388
0 0.316797 0.418056 0.113281 0.200000
0 0.250000 0.475695 0.109376 0.206945
0 0.175391 0.647917 0.146094 0.195833
0 0.132421 0.563194 0.142969 0.187500
0 0.324609 0.024306 0.088281 0.048611
0 0.242578 0.059722 0.071094 0.119444
0 0.583985 0.393750 0.119531 0.195834
0 0.752734 0.142361 0.116406 0.093056
0 0.342500 0.058334 0.116562 0.116667
0 0.648046 0.032639 0.107031 0.065278
0 0.694141 0.083334 0.096094 0.086111
0 0.801172 0.206250 0.128906 0.106944
0 0.086328 0.204861 0.078906 0.181944
0 0.970313 0.489584 0.059375 0.106945
0 0.864062 0.301389 0.135937 0.105556
