0 0.883594 0.693893 0.232812 0.171875
0 0.475875 0.340554 0.045704 0.046306
0 0.477249 0.345796 0.042375 0.050113
0 0.505195 0.341122 0.048984 0.058665
0 0.245086 0.438864 0.136078 0.081307
0 0.554688 0.505590 0.058641 0.082173
0 0.351547 0.379176 0.090718 0.052528
0 0.254281 0.680988 0.035828 0.117571
0 0.965883 0.433537 0.068234 0.038636
0 0.832239 0.428430 0.123023 0.035525
0 0.634320 0.410170 0.145297 0.043125
0 0.898828 0.729403 0.202344 0.183239
0 0.848047 0.650568 0.261719 0.224432
0 0.796875 0.595171 0.192188 0.159091
0 0.700391 0.623579 0.022656 0.073863
0 0.691016 0.598011 0.058594 0.099432
0 0.759765 0.547585 0.227343 0.109375
0 0.814453 0.512784 0.252344 0.099432
0 0.536926 0.352166 0.080726 0.049332
0 0.900781 0.840909 0.198438 0.264204
0 0.958125 0.926136 0.083750 0.147727
