0 0.968055 0.954166 0.063889 0.091667
0 0.704861 0.932408 0.187500 0.135185
0 0.904514 0.324074 0.053472 0.044444
0 0.896181 0.401389 0.067361 0.056482
0 0.828125 0.377778 0.067362 0.044444
0 0.842361 0.804630 0.129166 0.125926
0 0.790625 0.370370 0.056250 0.050000
0 0.192744 0.631157 0.111875 0.068426
0 0.256945 0.722130 0.136111 0.090926
0 0.389931 0.491667 0.078473 0.061111
0 0.068236 0.683976 0.109444 0.083139
0 0.212500 0.657315 0.126388 0.094630
0 0.160038 0.582583 0.103896 0.064129
0 0.176164 0.603440 0.112465 0.074102
0 0.741111 0.352176 0.043334 0.037870
0 0.826042 0.433797 0.078472 0.082407
0 0.942708 0.530555 0.070139 0.077777
0 0.992708 0.556018 0.014583 0.060185
0 0.737847 0.572222 0.107639 0.079630
0 0.659375 0.527778 0.106250 0.075926
0 0.615972 0.509722 0.100000 0.075000
0 0.579868 0.490996 0.084236 0.057121
0 0.492708 0.443519 0.092361 0.059259
0 0.547083 0.479167 0.099722 0.056481
0 0.416667 0.501852 0.084722 0.074074
0 0.443750 0.516204 0.104166 0.087963
0 0.475695 0.540278 0.098611 0.076852
0 0.511111 0.551852 0.113889 0.094444
0 0.544444 0.581018 0.113889 0.086111
0 0.589583 0.602777 0.115278 0.092593
0 0.630556 0.631944 0.130555 0.100926
0 0.151736 0.860648 0.152084 0.137963
0 0.092361 0.744444 0.122222 0.111111
0 0.076875 0.707111 0.109722 0.089852
0 0.285729 0.749537 0.147292 0.100926
0 0.771649 0.242584 0.046785 0.042981
0 0.854372 0.275524 0.036841 0.027935
0 0.957917 0.336671 0.027375 0.032528
0 0.172704 0.920069 0.160493 0.148639
0 0.349375 0.834005 0.125666 0.113805
0 0.317076 0.797014 0.141583 0.115120
