0 0.130520 0.238889 0.030417 0.015000
0 0.255698 0.194348 0.030938 0.020417
0 0.068511 0.226430 0.020209 0.017639
0 0.085771 0.429542 0.037292 0.025417
0 0.103916 0.550292 0.051875 0.046000
0 0.061458 0.240028 0.006667 0.015556
0 0.739062 0.848611 0.090625 0.072222
0 0.839218 0.964584 0.090937 0.070833
0 0.972916 0.664583 0.054167 0.065278
0 0.844791 0.558333 0.083333 0.072222
0 0.651042 0.995834 0.035417 0.008333
0 0.477083 0.993055 0.050000 0.013889
0 0.420833 0.967361 0.131250 0.065278
0 0.393177 0.925000 0.128020 0.102778
0 0.372604 0.863889 0.111042 0.091666
0 0.460417 0.774305 0.102083 0.081945
0 0.350000 0.814583 0.118750 0.090278
0 0.173958 0.509027 0.043750 0.120833
0 0.170833 0.988889 0.106250 0.022222
0 0.129688 0.833333 0.101041 0.080555
0 0.117188 0.737500 0.090625 0.072222
0 0.124479 0.634028 0.038542 0.090278
0 0.315104 0.481250 0.069792 0.043056
0 0.331771 0.519444 0.069792 0.047223
0 0.305208 0.685416 0.097917 0.070833
0 0.293750 0.646528 0.087500 0.059722
0 0.281771 0.614583 0.080208 0.054167
0 0.368229 0.595833 0.078125 0.061111
0 0.354687 0.544444 0.076041 0.047223
0 0.470313 0.513194 0.067709 0.048611
0 0.272396 0.584723 0.078125 0.058333
0 0.265104 0.554862 0.067708 0.048611
0 0.253125 0.538194 0.075000 0.051389
0 0.246354 0.513194 0.071875 0.045833
0 0.101520 0.516027 0.048875 0.034167
0 0.101302 0.499097 0.056562 0.025139
0 0.088208 0.461444 0.057500 0.039000
0 0.074218 0.441667 0.030729 0.007778
0 0.214427 0.347778 0.054896 0.030833
0 0.303646 0.252709 0.042083 0.020695
0 0.335208 0.242084 0.043958 0.020555
0 0.385364 0.244791 0.037395 0.017361
0 0.437605 0.235347 0.042083 0.035417
0 0.406146 0.228333 0.035208 0.021111
0 0.422187 0.212362 0.045625 0.023611
0 0.428334 0.202987 0.039167 0.022639
0 0.348542 0.217500 0.052500 0.038888
0 0.263541 0.233541 0.055625 0.039583
0 0.289114 0.216528 0.023021 0.011944
0 0.210938 0.231597 0.037917 0.018750
0 0.178750 0.218959 0.031666 0.019861
0 0.197344 0.208334 0.026979 0.016111
0 0.103281 0.241459 0.019479 0.021805
0 0.084219 0.245694 0.023854 0.019445
0 0.070416 0.241528 0.023125 0.027222
0 0.092136 0.214583 0.028437 0.014445
0 0.125781 0.245139 0.022396 0.023056
0 0.140416 0.234236 0.027917 0.013194
0 0.401406 0.193194 0.021979 0.010277
0 0.143177 0.224027 0.033438 0.011667
0 0.121875 0.217500 0.025416 0.015834
0 0.128802 0.205764 0.024480 0.012084
0 0.154010 0.214236 0.022813 0.013472
0 0.160938 0.200348 0.027709 0.014583
0 0.195260 0.198541 0.024896 0.014583
0 0.228959 0.216458 0.034167 0.014305
0 0.229687 0.194653 0.026041 0.023472
0 0.271719 0.200694 0.101146 0.021389
0 0.287708 0.196042 0.030208 0.009305
0 0.323802 0.185416 0.042396 0.025555
0 0.354480 0.205556 0.063333 0.028611
0 0.387656 0.206180 0.008437 0.015973
