0 0.427968 0.571407 0.118437 0.113437
0 0.793750 0.671354 0.235938 0.192708
0 0.900390 0.648958 0.199219 0.177083
0 0.966367 0.594270 0.067266 0.090625
0 0.985547 0.536458 0.028906 0.029167
0 0.627734 0.559895 0.147656 0.121875
0 0.719531 0.539062 0.103125 0.082291
0 0.794922 0.539062 0.122656 0.092709
0 0.867539 0.532292 0.132110 0.089583
0 0.909023 0.516458 0.108515 0.083750
0 0.956875 0.504740 0.086250 0.073854
0 0.985235 0.478792 0.029531 0.026167
0 0.980156 0.439583 0.039687 0.050000
0 0.935898 0.442917 0.100079 0.053750
0 0.876093 0.451302 0.079375 0.048438
0 0.831055 0.458333 0.083515 0.056250
0 0.663477 0.475000 0.100235 0.064584
0 0.052656 0.427084 0.069687 0.072917
0 0.132422 0.424479 0.058594 0.073958
0 0.530234 0.490573 0.090157 0.081354
0 0.450547 0.494271 0.100469 0.082292
0 0.371641 0.502604 0.087031 0.088542
0 0.274726 0.515989 0.089609 0.101355
0 0.173086 0.525520 0.103828 0.096875
0 0.008594 0.397917 0.017188 0.060417
0 0.206641 0.422396 0.060156 0.069792
0 0.402343 0.417709 0.065625 0.064583
0 0.491406 0.410417 0.075000 0.062500
0 0.584172 0.409208 0.068531 0.053750
0 0.629297 0.404167 0.069531 0.056250
0 0.682031 0.405208 0.073438 0.050000
0 0.717032 0.401042 0.069063 0.050000
0 0.848946 0.398542 0.050703 0.041042
0 0.897070 0.394166 0.080859 0.047083
0 0.061914 0.389583 0.058828 0.050000
0 0.018360 0.373020 0.036719 0.045625
0 0.935117 0.392084 0.061016 0.042917
0 0.808984 0.395834 0.071093 0.054167
0 0.767109 0.400989 0.072031 0.050105
0 0.537421 0.410208 0.057969 0.052500
0 0.342578 0.419271 0.063282 0.063542
0 0.278633 0.418177 0.066641 0.065729
0 0.027578 0.320677 0.055156 0.030104
0 0.189867 0.393495 0.050578 0.059406
0 0.177032 0.368281 0.045781 0.041562
0 0.248051 0.388484 0.051977 0.057594
0 0.231172 0.370781 0.042500 0.043438
0 0.303164 0.388021 0.054766 0.048750
0 0.280898 0.365417 0.042735 0.033958
0 0.365976 0.391302 0.050547 0.043438
0 0.328633 0.367136 0.043672 0.037187
0 0.439375 0.381395 0.053062 0.062625
0 0.456797 0.364583 0.036562 0.028750
0 0.525782 0.378698 0.056563 0.024896
0 0.490196 0.366250 0.044141 0.029375
0 0.523828 0.360469 0.038438 0.020938
0 0.563711 0.374896 0.042422 0.021250
0 0.559297 0.358437 0.040938 0.018333
0 0.601719 0.373490 0.045625 0.022813
0 0.594101 0.356042 0.048203 0.020000
0 0.639219 0.373125 0.046562 0.024375
0 0.637227 0.361459 0.047578 0.025209
0 0.683906 0.371302 0.046563 0.019896
0 0.670156 0.358541 0.042188 0.023959
0 0.725742 0.372552 0.042891 0.020312
0 0.699336 0.357395 0.039610 0.022083
0 0.750664 0.367969 0.040704 0.017396
0 0.778046 0.367917 0.036719 0.017292
0 0.767149 0.354948 0.067265 0.021980
0 0.826562 0.373073 0.060157 0.032604
0 0.797618 0.351666 0.029297 0.015417
0 0.625848 0.481963 0.078149 0.055447
0 0.859093 0.355875 0.038203 0.020730
0 0.776164 0.463313 0.088968 0.062001
0 0.713750 0.468688 0.079374 0.065833
0 0.143360 0.327859 0.069969 0.037031
0 0.098972 0.294817 0.059633 0.015739
0 0.370273 0.305416 0.036328 0.022291
0 0.481915 0.301041 0.058203 0.039375
0 0.525039 0.309375 0.037578 0.019584
0 0.608789 0.308854 0.045234 0.021042
0 0.655274 0.311771 0.037891 0.020208
0 0.989297 0.315416 0.021406 0.018333
0 0.327734 0.305990 0.054219 0.024063
0 0.859727 0.312968 0.032579 0.020313
0 0.820586 0.350781 0.030234 0.014479
0 0.880078 0.350313 0.041875 0.015417
0 0.925820 0.346927 0.048828 0.012188
0 0.952539 0.347500 0.032734 0.011876
0 0.990274 0.361146 0.019453 0.014792
0 0.976015 0.369480 0.047969 0.036875
0 0.957226 0.371094 0.050391 0.036354
0 0.931563 0.369844 0.060469 0.035312
0 0.908867 0.363906 0.053984 0.018438
0 0.882813 0.365000 0.031250 0.013334
0 0.849257 0.370312 0.047109 0.030625
0 0.773281 0.338958 0.062500 0.023541
0 0.048094 0.346427 0.096188 0.034916
0 0.068915 0.362755 0.043297 0.031386
0 0.971172 0.345781 0.037656 0.016146
0 0.994609 0.352683 0.010781 0.005781
0 0.540625 0.698959 0.210938 0.233333
0 0.413281 0.742708 0.185938 0.264583
0 0.051172 0.820312 0.102344 0.359375
0 0.045703 0.624843 0.091406 0.108021
0 0.050000 0.540104 0.100000 0.109375
0 0.191485 0.639583 0.140469 0.162500
0 0.315430 0.603125 0.117578 0.137500
