0 0.278645 0.297656 0.284375 0.140625
0 0.140104 0.235938 0.280208 0.137501
0 0.520344 0.410359 0.314271 0.162578
0 0.121875 0.190235 0.243750 0.119531
0 0.275521 0.067969 0.178125 0.093750
0 0.942187 0.401172 0.115625 0.142968
0 0.893229 0.351954 0.213542 0.132031
0 0.842187 0.313281 0.309375 0.135938
0 0.654687 0.243360 0.307291 0.122657
0 0.603646 0.199609 0.269792 0.099219
0 0.525521 0.169922 0.273958 0.108594
0 0.460938 0.139844 0.263541 0.096875
0 0.362916 0.989844 0.109583 0.020312
0 0.704776 0.003719 0.035156 0.007437
0 0.882292 0.030468 0.206250 0.060937
0 0.991667 0.050782 0.016667 0.070313
0 0.038021 0.143359 0.076042 0.091406
0 0.075000 0.761328 0.150000 0.182032
0 0.219271 0.914062 0.301042 0.171875
0 0.341667 0.326953 0.300000 0.155468
0 0.444271 0.371484 0.355208 0.164844
0 0.220833 0.258985 0.272917 0.132031
0 0.580730 0.471094 0.321875 0.168750
0 0.718750 0.503125 0.358334 0.182812
0 0.762500 0.577735 0.314584 0.171093
0 0.848437 0.638281 0.303125 0.187500
0 0.906250 0.715156 0.187500 0.186875
0 0.950000 0.815078 0.100000 0.147968
