0 0.829453 0.088750 0.060156 0.049166
0 0.687344 0.117917 0.110000 0.081389
0 0.472031 0.199584 0.142813 0.126945
0 0.924187 0.101611 0.025001 0.040834
0 0.735078 0.107778 0.092031 0.075556
0 0.766016 0.099861 0.064844 0.066944
0 0.810703 0.110139 0.024844 0.040278
0 0.812265 0.093473 0.057031 0.051389
0 0.851875 0.092083 0.023750 0.036945
0 0.856172 0.091250 0.025156 0.038056
0 0.892500 0.104167 0.040000 0.050000
0 0.375312 0.232222 0.144375 0.131667
0 0.271336 0.281111 0.147922 0.171778
0 0.156750 0.343889 0.124032 0.187334
0 0.867657 0.094027 0.014687 0.026389
0 0.060937 0.425000 0.074999 0.177778
