0 0.287666 0.101385 0.103333 0.180101
0 0.113666 0.059824 0.195333 0.119647
0 0.035000 0.027708 0.070000 0.055416
0 0.577000 0.102015 0.210000 0.148614
0 0.559000 0.060517 0.242000 0.121033
0 0.478334 0.037153 0.111333 0.074307
0 0.434534 0.020151 0.059733 0.040302
0 0.551824 0.472658 0.142327 0.241915
0 0.360557 0.281411 0.126207 0.252619
0 0.115666 0.097607 0.179333 0.142318
0 0.485667 0.338161 0.127333 0.190176
0 0.912334 0.935138 0.175333 0.129723
0 0.886333 0.869017 0.227333 0.196473
0 0.882000 0.786524 0.236000 0.170026
0 0.856634 0.721033 0.286733 0.190176
0 0.825667 0.622166 0.282000 0.196474
0 0.806733 0.551637 0.282800 0.186398
0 0.765533 0.507557 0.259067 0.168766
0 0.695666 0.348237 0.243333 0.142317
0 0.671666 0.282745 0.256667 0.144837
0 0.974533 0.984257 0.050933 0.031486
0 0.282434 0.767632 0.296867 0.205290
0 0.732333 0.412469 0.262000 0.177581
0 0.604866 0.222229 0.230267 0.177456
0 0.617667 0.173174 0.259333 0.132242
0 0.590133 0.128464 0.178933 0.105793
0 0.291133 0.875315 0.267600 0.221662
0 0.324666 0.931990 0.269333 0.136020
0 0.267334 0.680731 0.281333 0.190177
0 0.236333 0.598866 0.254000 0.197733
0 0.209400 0.513854 0.224134 0.163728
0 0.201667 0.435769 0.260667 0.156171
0 0.181667 0.344459 0.232667 0.167507
0 0.172334 0.278967 0.248667 0.149874
0 0.151933 0.209446 0.197467 0.096474
0 0.146100 0.153653 0.237134 0.171285
