0 0.859584 0.646031 0.280833 0.288889
0 0.945833 0.265873 0.108333 0.074604
0 0.919167 0.291270 0.125000 0.077778
0 0.935416 0.383333 0.129167 0.106349
0 0.913750 0.545238 0.172500 0.150794
0 0.065417 0.734921 0.130833 0.279365
0 0.146250 0.684921 0.282500 0.268254
0 0.285417 0.645238 0.257500 0.280952
0 0.412917 0.564285 0.237500 0.192063
0 0.509583 0.519047 0.219167 0.187301
0 0.881375 0.394444 0.135584 0.093651
0 0.832917 0.418254 0.104167 0.115873
0 0.937083 0.477778 0.125833 0.076190
0 0.766958 0.434921 0.194083 0.146032
0 0.698750 0.469841 0.125834 0.146032
0 0.005333 0.546905 0.010667 0.094444
0 0.060341 0.486468 0.120683 0.184587
0 0.620167 0.482540 0.180167 0.158730
0 0.767958 0.297143 0.152417 0.116826
0 0.969575 0.241199 0.060850 0.041317
0 0.985175 0.219873 0.029650 0.009842
0 0.926550 0.149698 0.066700 0.044762
0 0.797375 0.287301 0.173584 0.111111
0 0.765158 0.151437 0.161400 0.076683
0 0.706392 0.160913 0.081217 0.091889
0 0.966250 0.346825 0.067500 0.058730
0 0.986250 0.311905 0.027500 0.023810
0 0.042237 0.275658 0.084475 0.040937
0 0.120000 0.460318 0.205000 0.165079
0 0.217917 0.431746 0.187500 0.142858
0 0.301667 0.411905 0.180000 0.134921
0 0.380417 0.395238 0.174167 0.136508
0 0.469583 0.385714 0.137500 0.095238
0 0.519583 0.366667 0.159167 0.092063
0 0.582917 0.356349 0.149167 0.093651
0 0.633750 0.346031 0.140834 0.098413
0 0.688083 0.331746 0.129500 0.082540
0 0.709583 0.301588 0.189167 0.120635
0 0.591321 0.192024 0.069992 0.034238
0 0.102533 0.265762 0.093533 0.037238
0 0.165912 0.256055 0.088359 0.032143
0 0.209167 0.908730 0.418333 0.182540
0 0.228246 0.247937 0.092792 0.029397
0 0.286600 0.241103 0.085784 0.036905
0 0.301221 0.214595 0.082958 0.072460
0 0.482683 0.221127 0.067150 0.023524
0 0.410162 0.229350 0.112025 0.034889
0 0.528433 0.216008 0.064950 0.018873
0 0.562887 0.207825 0.085875 0.015651
0 0.639850 0.198818 0.071866 0.026841
0 0.424375 0.205714 0.042416 0.013016
0 0.747750 0.135809 0.107000 0.113269
0 0.878325 0.149595 0.104300 0.054905
0 0.472083 0.829365 0.415833 0.341270
0 0.638333 0.775397 0.355000 0.322222
0 0.758750 0.700000 0.325834 0.311112
