0 0.936667 0.678750 0.126667 0.095000
0 0.970867 0.231225 0.058267 0.043376
0 0.961904 0.203500 0.076192 0.036000
0 0.940642 0.182800 0.069600 0.056700
0 0.706558 0.214344 0.078233 0.051663
0 0.688241 0.234563 0.033517 0.010201
0 0.600596 0.234712 0.085208 0.049649
0 0.563596 0.264300 0.053858 0.017450
0 0.463587 0.271663 0.079109 0.051425
0 0.442987 0.294006 0.049909 0.017187
0 0.280108 0.327338 0.059683 0.033525
0 0.214417 0.332062 0.052267 0.047300
0 0.137621 0.347600 0.127492 0.081300
0 0.057329 0.372843 0.085758 0.059787
0 0.865300 0.179250 0.083016 0.047450
0 0.805508 0.199682 0.038033 0.023037
0 0.319916 0.297812 0.079167 0.036875
0 0.159333 0.308713 0.094667 0.046325
0 0.047941 0.353256 0.095883 0.065838
0 0.663166 0.197375 0.082667 0.059750
0 0.864375 0.139563 0.070416 0.053625
0 0.992112 0.064331 0.015775 0.030063
0 0.940625 0.123375 0.118750 0.102500
0 0.774500 0.171687 0.082834 0.057125
0 0.803584 0.185688 0.067667 0.050375
0 0.579638 0.219938 0.086975 0.061350
0 0.493408 0.233893 0.088650 0.050037
0 0.373500 0.264375 0.088000 0.048750
0 0.269166 0.295000 0.086667 0.070000
0 0.504166 0.335000 0.113333 0.072500
0 0.550750 0.358125 0.108500 0.066250
0 0.587500 0.391875 0.120000 0.081250
0 0.377958 0.349375 0.137417 0.131250
0 0.435416 0.393750 0.105833 0.070000
0 0.463750 0.433125 0.115834 0.081250
0 0.507083 0.456875 0.117500 0.091250
0 0.622500 0.426250 0.113334 0.085000
0 0.717750 0.280625 0.095500 0.076250
0 0.831000 0.589375 0.122000 0.093750
0 0.896250 0.628750 0.154166 0.115000
0 0.655833 0.588313 0.113333 0.103375
0 0.700500 0.628125 0.129334 0.101250
0 0.763750 0.303125 0.105834 0.078750
0 0.759166 0.670500 0.118333 0.106500
0 0.799583 0.723125 0.127500 0.116250
0 0.969167 0.725000 0.061667 0.107500
0 0.867083 0.776250 0.137500 0.117500
0 0.802500 0.337500 0.106666 0.077500
0 0.965000 0.470625 0.070000 0.091250
0 0.144000 0.422500 0.111334 0.082500
0 0.189958 0.444312 0.137583 0.106375
0 0.210625 0.486875 0.116250 0.091250
0 0.242917 0.528750 0.117500 0.087500
0 0.385000 0.538750 0.118334 0.090000
0 0.051250 0.493750 0.102500 0.087500
0 0.061666 0.531875 0.123333 0.091250
0 0.098042 0.564375 0.146083 0.118750
0 0.129792 0.612500 0.131250 0.105000
0 0.208750 0.725000 0.149166 0.107500
0 0.247916 0.777688 0.144167 0.109625
0 0.292917 0.830000 0.154167 0.132500
0 0.334584 0.890000 0.129167 0.122500
0 0.383750 0.934375 0.169166 0.131250
0 0.034584 0.451875 0.069167 0.056250
0 0.355833 0.669375 0.135000 0.111250
0 0.430000 0.706875 0.135000 0.108750
0 0.452917 0.764750 0.152500 0.123000
0 0.493333 0.832437 0.151667 0.122625
0 0.555416 0.886250 0.150833 0.127500
0 0.978333 0.962500 0.043333 0.075000
0 0.787500 0.995000 0.045000 0.010000
