0 0.337422 0.297223 0.011250 0.073611
0 0.858594 0.468055 0.159375 0.211111
0 0.955859 0.419444 0.082031 0.122223
0 0.975781 0.369445 0.048438 0.077777
0 0.789453 0.332639 0.091406 0.095834
0 0.952149 0.302917 0.036329 0.053055
0 0.991367 0.290973 0.017266 0.036389
0 0.563968 0.641771 0.293141 0.326792
0 0.416407 0.502778 0.221875 0.227778
0 0.364453 0.438889 0.194531 0.161111
0 0.380469 0.306250 0.087500 0.140278
0 0.598047 0.313889 0.133594 0.094444
0 0.539062 0.290278 0.085937 0.088889
0 0.477934 0.258659 0.069929 0.061681
0 0.455625 0.248333 0.042812 0.052778
0 0.179688 0.766667 0.339063 0.305555
0 0.334469 0.273111 0.024563 0.058666
0 0.329101 0.244098 0.028203 0.047083
0 0.323711 0.233680 0.019610 0.035695
0 0.429922 0.233958 0.040000 0.043472
0 0.423320 0.221458 0.059766 0.034028
0 0.399648 0.219166 0.029141 0.030833
0 0.380117 0.223333 0.011640 0.023333
0 0.386758 0.214653 0.026172 0.024583
0 0.447226 0.185278 0.021641 0.024444
0 0.467578 0.184584 0.023750 0.021945
