0 0.116562 0.147292 0.022187 0.021875
0 0.189922 0.120208 0.028594 0.021250
0 0.262890 0.200000 0.038281 0.037500
0 0.169414 0.145625 0.042890 0.025208
0 0.274219 0.253125 0.064062 0.045834
0 0.288281 0.275000 0.073437 0.045834
0 0.330859 0.314583 0.078906 0.062500
0 0.387501 0.331771 0.078125 0.067708
0 0.337890 0.402083 0.092969 0.081250
0 0.455441 0.488885 0.107727 0.074521
0 0.409375 0.454167 0.098438 0.075000
0 0.567031 0.431771 0.092500 0.096875
0 0.614453 0.482291 0.091406 0.089583
0 0.908984 0.530208 0.050781 0.075000
0 0.819141 0.531250 0.058593 0.070834
0 0.767578 0.712500 0.121094 0.141666
0 0.548828 0.875000 0.139844 0.170834
0 0.473046 0.919271 0.142969 0.161458
0 0.374609 0.938021 0.089843 0.123958
0 0.216602 0.151614 0.026641 0.022605
0 0.139875 0.165364 0.040234 0.024895
0 0.189804 0.083187 0.020469 0.020729
0 0.638203 0.086302 0.028906 0.018854
0 0.672656 0.115989 0.019687 0.023437
0 0.693281 0.111146 0.026562 0.020417
0 0.710078 0.120572 0.027812 0.021979
0 0.467902 0.386927 0.090899 0.072000
0 0.642578 0.133854 0.036718 0.028125
0 0.735156 0.145834 0.029687 0.022917
0 0.861719 0.355208 0.054687 0.052083
0 0.844922 0.372396 0.074218 0.069792
0 0.530469 0.258333 0.064063 0.050000
0 0.687359 0.318583 0.072000 0.052500
0 0.120274 0.419271 0.056171 0.076042
0 0.155078 0.479688 0.058594 0.069791
0 0.242969 0.633854 0.079688 0.123958
0 0.040235 0.357292 0.057031 0.056250
0 0.620196 0.115053 0.018359 0.021979
0 0.093578 0.168458 0.028031 0.026250
