0 0.647125 0.037667 0.049000 0.037000
0 0.677388 0.068200 0.099375 0.049334
0 0.753125 0.680833 0.183750 0.195000
0 0.848125 0.450000 0.131250 0.153334
0 0.954375 0.485000 0.091250 0.136666
0 0.696500 0.177250 0.116750 0.066500
0 0.305750 0.056000 0.087000 0.050000
0 0.961750 0.134500 0.057500 0.073666
0 0.974813 0.094000 0.048375 0.050666
0 0.587275 0.095833 0.043350 0.057000
0 0.216750 0.090083 0.046250 0.060500
0 0.738750 0.115584 0.122000 0.041167
0 0.757875 0.140000 0.095750 0.054666
0 0.720500 0.162250 0.132250 0.068500
0 0.540500 0.062000 0.085000 0.052666
0 0.702125 0.036916 0.044750 0.045833
0 0.389750 0.084750 0.060000 0.060166
0 0.942500 0.213333 0.080000 0.080000
0 0.448000 0.042583 0.056750 0.040500
0 0.962375 0.065000 0.075250 0.048000
0 0.169063 0.091417 0.048125 0.050833
0 0.672125 0.201083 0.136000 0.075167
0 0.516250 0.092500 0.062500 0.055000
0 0.451250 0.092500 0.057500 0.055000
0 0.286250 0.095833 0.045000 0.055000
0 0.821875 0.075000 0.096250 0.046666
0 0.641875 0.220834 0.108750 0.078333
0 0.608750 0.250833 0.137500 0.091667
0 0.553750 0.313333 0.137500 0.093333
0 0.506875 0.356667 0.173750 0.110000
0 0.451875 0.398334 0.166250 0.116667
0 0.404375 0.467500 0.188750 0.145000
0 0.320625 0.540000 0.173750 0.166666
0 0.995000 0.167500 0.010000 0.045000
0 0.111375 0.086583 0.043500 0.045500
0 0.062875 0.087500 0.049750 0.049334
0 0.020063 0.090250 0.040125 0.033166
0 0.187875 0.062250 0.084500 0.039834
0 0.351313 0.031500 0.052625 0.047666
0 0.308375 0.027833 0.051750 0.036000
0 0.262125 0.034500 0.062500 0.043000
0 0.217750 0.032000 0.052750 0.040334
0 0.177250 0.031416 0.051000 0.040833
0 0.071375 0.030666 0.042500 0.035333
0 0.413813 0.036167 0.045375 0.040667
0 0.863125 0.328334 0.083750 0.103333
0 0.913750 0.267500 0.085000 0.091666
0 0.641250 0.890834 0.230000 0.218333
