0 0.438672 0.232080 0.047656 0.064630
0 0.351921 0.710987 0.134297 0.055558
0 0.361320 0.686863 0.133328 0.063361
0 0.334637 0.656257 0.133742 0.074865
0 0.335641 0.619771 0.124469 0.057262
0 0.326257 0.596016 0.118125 0.062139
0 0.444184 0.662250 0.083789 0.102056
0 0.423301 0.590734 0.063867 0.075781
0 0.315472 0.573560 0.120039 0.066769
0 0.399969 0.538243 0.076812 0.071269
0 0.296828 0.525118 0.115281 0.086263
0 0.303160 0.494613 0.102226 0.059941
0 0.328027 0.315358 0.052492 0.062209
0 0.272933 0.283573 0.056023 0.059977
0 0.258567 0.242885 0.027789 0.031974
0 0.286230 0.235493 0.098821 0.066803
0 0.314922 0.198431 0.068984 0.074724
0 0.379043 0.122186 0.039554 0.067615
0 0.273414 0.171563 0.066922 0.050082
0 0.073430 0.249236 0.098297 0.044348
0 0.147196 0.160646 0.040609 0.056686
0 0.121723 0.132762 0.100929 0.062867
0 0.093137 0.076040 0.087070 0.050928
0 0.021735 0.046557 0.043469 0.023830
0 0.183364 0.101087 0.097851 0.078460
0 0.138981 0.067585 0.061757 0.041798
0 0.061367 0.039071 0.069766 0.034195
0 0.228868 0.101169 0.040391 0.048731
0 0.979688 0.977673 0.040625 0.044653
0 0.948438 0.933607 0.103125 0.078731
0 0.863672 0.978261 0.114844 0.043478
0 0.389574 0.474083 0.050898 0.076557
0 0.293930 0.467884 0.121500 0.059295
0 0.287043 0.435294 0.114476 0.050564
0 0.278457 0.412497 0.122790 0.069201
0 0.267535 0.383008 0.104352 0.049542
0 0.264902 0.357633 0.103414 0.048731
0 0.264769 0.336839 0.108055 0.054830
0 0.817187 0.934783 0.110937 0.088131
0 0.747656 0.850177 0.125000 0.106933
0 0.530078 0.695652 0.061718 0.084606
0 0.426172 0.190364 0.050781 0.063455
0 0.616406 0.943596 0.087500 0.112808
0 0.539453 0.927145 0.119532 0.094007
0 0.555469 0.798472 0.079688 0.092832
0 0.636718 0.803173 0.076563 0.088132
0 0.654297 0.888954 0.132032 0.099882
0 0.471484 0.765570 0.061719 0.074030
0 0.616016 0.730317 0.066407 0.088132
0 0.591797 0.652761 0.063281 0.097533
0 0.501172 0.614571 0.064844 0.086956
0 0.560703 0.600470 0.065156 0.082256
0 0.044847 0.192379 0.062727 0.037403
0 0.097793 0.162386 0.093320 0.046863
0 0.039109 0.091421 0.078219 0.081175
0 0.084265 0.114612 0.073391 0.058437
0 0.038234 0.017573 0.031094 0.035147
0 0.297945 0.107996 0.122859 0.117545
0 0.247079 0.183325 0.061719 0.055065
0 0.353258 0.364712 0.051500 0.071892
0 0.548438 0.530552 0.064063 0.074031
0 0.473828 0.541716 0.055469 0.077556
0 0.525390 0.466510 0.053907 0.075206
0 0.456250 0.474736 0.054688 0.077556
0 0.503906 0.407168 0.056250 0.085782
0 0.485977 0.364278 0.059453 0.070505
0 0.437226 0.414219 0.055235 0.074031
0 0.414062 0.346651 0.053125 0.072856
0 0.456641 0.277908 0.049219 0.066980
0 0.359765 0.283784 0.094531 0.062280
0 0.371484 0.199178 0.057031 0.062279
