0 0.696458 0.544063 0.039417 0.039375
0 0.591375 0.527313 0.030750 0.006875
0 0.314558 0.538200 0.131500 0.032400
0 0.391108 0.535863 0.039917 0.025150
0 0.236100 0.639975 0.294266 0.201300
0 0.654850 0.561400 0.051984 0.066400
0 0.901300 0.567674 0.006916 0.046875
0 0.925908 0.575182 0.021950 0.053387
0 0.835375 0.539062 0.007084 0.015375
0 0.360000 0.612500 0.216666 0.142500
0 0.453083 0.591875 0.148833 0.118750
0 0.499717 0.572800 0.190767 0.117150
0 0.566171 0.568244 0.083958 0.083588
0 0.683125 0.565562 0.012916 0.030125
0 0.669375 0.550750 0.082416 0.063250
0 0.683542 0.541000 0.062083 0.043750
0 0.723250 0.556875 0.028500 0.028500
0 0.724458 0.538875 0.047250 0.042500
0 0.724834 0.531625 0.067833 0.060250
0 0.827000 0.533438 0.024500 0.023625
0 0.814542 0.535000 0.022250 0.015500
0 0.806208 0.533062 0.033917 0.020125
0 0.810000 0.535250 0.023500 0.015500
0 0.792375 0.533687 0.016084 0.014375
0 0.792000 0.531125 0.032666 0.021250
0 0.775875 0.530938 0.024750 0.018125
0 0.533292 0.526125 0.034583 0.007750
0 0.598458 0.532250 0.022250 0.009500
