0 0.396485 0.272917 0.227343 0.137500
0 0.744922 0.183854 0.194531 0.123958
0 0.919922 0.247917 0.160156 0.137500
0 0.032813 0.173438 0.065625 0.036459
0 0.083594 0.219792 0.167187 0.070833
0 0.467578 0.938021 0.436718 0.123958
0 0.632031 0.395312 0.253125 0.132291
0 0.754297 0.466146 0.272656 0.186458
0 0.483203 0.531770 0.350782 0.221875
0 0.159766 0.678125 0.319531 0.239584
0 0.244922 0.751563 0.394532 0.263541
0 0.588672 0.627605 0.342969 0.209375
0 0.870703 0.527084 0.258594 0.197917
0 0.932813 0.605729 0.134375 0.217708
0 0.704688 0.707812 0.357813 0.248959
0 0.812890 0.852083 0.374219 0.285417
0 0.891797 0.918229 0.216406 0.163542
0 0.331250 0.875000 0.459375 0.250000
0 0.115625 0.531771 0.231250 0.155208
0 0.096485 0.451562 0.192969 0.086459
0 0.041016 0.405208 0.082031 0.035417
0 0.013281 0.371875 0.026562 0.033334
0 0.344141 0.483854 0.247657 0.178125
0 0.327344 0.407813 0.282812 0.148959
0 0.220312 0.378645 0.275000 0.159375
0 0.151562 0.327605 0.271875 0.140625
0 0.083203 0.297916 0.166406 0.139583
0 0.576953 0.347396 0.250782 0.142708
0 0.485938 0.306771 0.245313 0.134375
0 0.285547 0.234375 0.199218 0.116666
0 0.270703 0.171875 0.250781 0.129166
0 0.151953 0.151041 0.175782 0.114583
0 0.061328 0.101562 0.122656 0.101041
0 0.662500 0.145834 0.173438 0.127083
0 0.557032 0.127604 0.126563 0.113542
0 0.442968 0.084375 0.176563 0.104166
0 0.359766 0.059895 0.127344 0.090625
0 0.303906 0.045833 0.123437 0.091667
0 0.241015 0.032813 0.100781 0.065625
0 0.951562 0.154167 0.096875 0.091667
0 0.883203 0.138021 0.141406 0.111458
0 0.795703 0.102083 0.133594 0.085417
0 0.718359 0.072916 0.122656 0.070833
0 0.643750 0.047396 0.128124 0.076042
0 0.560156 0.042708 0.107812 0.077083
0 0.503907 0.026562 0.115625 0.053125
0 0.432031 0.015625 0.075000 0.031250
0 0.370570 0.007224 0.050906 0.014448
0 0.836328 0.042188 0.158594 0.084375
