0 0.260938 0.426030 0.319375 0.183520
0 0.606250 0.412453 0.316250 0.186330
0 0.618791 0.006039 0.077006 0.012079
0 0.423218 0.233146 0.230187 0.104869
0 0.947313 0.459270 0.105375 0.182584
0 0.898438 0.390918 0.203125 0.154495
0 0.828812 0.335674 0.218875 0.130150
0 0.754375 0.293540 0.190000 0.115169
0 0.678594 0.256086 0.185938 0.103932
0 0.642250 0.225187 0.129500 0.077715
0 0.786000 0.110487 0.113250 0.095506
0 0.368969 0.178043 0.202812 0.082304
0 0.341499 0.155056 0.190625 0.082022
0 0.310769 0.133909 0.130638 0.067800
0 0.711344 0.119850 0.132687 0.097378
0 0.924219 0.170880 0.142813 0.094569
0 0.954688 0.188670 0.090625 0.103933
0 0.169438 0.242041 0.218000 0.115168
0 0.916594 0.016582 0.062313 0.025824
0 0.937644 0.031629 0.067912 0.022528
0 0.745521 0.063778 0.062981 0.032388
0 0.522297 0.060122 0.029156 0.056142
0 0.625163 0.074012 0.181675 0.138848
0 0.979718 0.054227 0.040563 0.028193
0 0.442181 0.110375 0.095488 0.049625
0 0.394375 0.125889 0.014000 0.012641
0 0.394000 0.201685 0.214750 0.087266
0 0.913125 0.083942 0.151250 0.103652
0 0.481875 0.130572 0.115000 0.064513
0 0.512969 0.140824 0.120688 0.055430
0 0.547063 0.169195 0.156625 0.075468
0 0.594719 0.201966 0.157688 0.084831
0 0.459062 0.282772 0.250625 0.146067
0 0.551063 0.344803 0.289625 0.137173
0 0.301875 0.498596 0.370000 0.210675
0 0.345313 0.618914 0.465625 0.284644
0 0.450000 0.764513 0.560000 0.388576
0 0.142157 0.191901 0.188813 0.102903
0 0.153688 0.215355 0.199875 0.110487
0 0.003438 0.236423 0.006875 0.113296
0 0.192500 0.284176 0.253750 0.143258
0 0.701037 0.015941 0.070201 0.031882
0 0.849687 0.004925 0.042825 0.009850
0 0.808887 0.003352 0.033225 0.006704
0 0.759119 0.019405 0.064675 0.038811
0 0.230313 0.367510 0.285625 0.165731
0 0.833406 0.098877 0.009937 0.009551
0 0.781060 0.060169 0.123481 0.072697
0 0.832462 0.029649 0.140425 0.054054
0 0.964712 0.084049 0.070575 0.084579
0 0.912800 0.035637 0.023100 0.011798
0 0.130625 0.167603 0.177500 0.093632
0 0.777188 0.559925 0.401875 0.249064
0 0.678438 0.458801 0.360625 0.176029
