0 0.572770 0.378125 0.051644 0.068750
0 0.636151 0.379687 0.051643 0.059375
0 0.696009 0.379687 0.058685 0.059375
0 0.762911 0.379687 0.070422 0.059375
0 0.809859 0.328125 0.140845 0.093750
0 0.720657 0.323437 0.032864 0.040625
0 0.657277 0.296875 0.117370 0.068750
0 0.550469 0.306250 0.058685 0.037500
0 0.158450 0.326562 0.077465 0.034375
0 0.246478 0.318750 0.061033 0.037500
0 0.319249 0.314063 0.056338 0.034375
0 0.390845 0.306250 0.058686 0.031250
0 0.420187 0.296875 0.028169 0.031250
0 0.453051 0.293750 0.028169 0.025000
0 0.478874 0.292188 0.018779 0.028125
0 0.555165 0.269687 0.044601 0.026875
0 0.526995 0.264062 0.021127 0.021875
0 0.515258 0.259375 0.016432 0.018750
0 0.977699 0.357812 0.044601 0.059375
0 0.319248 0.276562 0.018779 0.015625
0 0.355633 0.279687 0.035211 0.021875
0 0.500000 0.257812 0.014084 0.021875
0 0.376760 0.828125 0.279343 0.343750
0 0.688967 0.854688 0.255868 0.290625
0 0.929577 0.843750 0.140845 0.312500
0 0.167841 0.825000 0.335681 0.306250
0 0.048122 0.706250 0.096244 0.150000
0 0.139672 0.504687 0.119719 0.103125
0 0.342723 0.517188 0.103286 0.109375
0 0.460094 0.525000 0.098592 0.100000
0 0.580986 0.525000 0.091550 0.112500
0 0.703051 0.532813 0.133803 0.121875
0 0.948357 0.535937 0.103286 0.121875
0 0.410799 0.456250 0.084507 0.093750
0 0.521127 0.460938 0.075117 0.078125
0 0.618545 0.462500 0.091549 0.081250
0 0.706573 0.453125 0.089202 0.075000
0 0.796948 0.450000 0.105634 0.087500
0 0.889671 0.450000 0.103287 0.081250
0 0.969483 0.440625 0.061033 0.068750
0 0.026995 0.410938 0.053991 0.078125
0 0.105634 0.404687 0.079812 0.071875
0 0.183098 0.398438 0.075117 0.065625
0 0.251174 0.382812 0.079812 0.078125
0 0.360329 0.384375 0.049296 0.068750
0 0.431924 0.384375 0.051643 0.062500
0 0.502347 0.381250 0.051643 0.062500
