0 0.859228 0.290741 0.047967 0.048148
0 0.118352 0.741667 0.236705 0.250000
0 0.265381 0.640740 0.222107 0.188889
0 0.376434 0.572222 0.193952 0.159259
0 0.460897 0.512963 0.168926 0.129630
0 0.531282 0.467593 0.157455 0.112963
0 0.599582 0.437037 0.131387 0.100000
0 0.635037 0.410185 0.135557 0.087037
0 0.675704 0.389815 0.083420 0.079630
0 0.261730 0.967593 0.181439 0.061111
0 0.645464 0.892593 0.392076 0.214815
0 0.709593 0.775000 0.340980 0.279630
0 0.879562 0.500926 0.217936 0.131482
0 0.909802 0.466666 0.180396 0.114815
0 0.921793 0.418519 0.156413 0.070371
0 0.931700 0.385185 0.136601 0.048148
0 0.006778 0.601852 0.013556 0.103704
0 0.077685 0.544444 0.155370 0.148149
0 0.180918 0.500926 0.140771 0.127778
0 0.281022 0.462037 0.126173 0.109260
0 0.361835 0.431481 0.100104 0.096297
0 0.435350 0.412037 0.111575 0.083334
0 0.495829 0.386111 0.094890 0.075926
0 0.546402 0.366667 0.075079 0.070371
0 0.587070 0.350926 0.070907 0.061111
0 0.612618 0.332407 0.067779 0.057407
0 0.651199 0.318518 0.059437 0.051851
0 0.686652 0.301852 0.049009 0.051852
0 0.948384 0.353704 0.103233 0.055555
0 0.960897 0.319445 0.078206 0.031481
0 0.965068 0.276852 0.069864 0.042592
0 0.702294 0.362037 0.136600 0.064814
0 0.741919 0.337963 0.061523 0.038888
0 0.774244 0.326852 0.076120 0.046296
0 0.802920 0.319444 0.072993 0.050000
0 0.823254 0.308333 0.053181 0.046296
0 0.841502 0.300000 0.056309 0.048148
0 0.873305 0.277778 0.036497 0.029630
0 0.725235 0.290741 0.046924 0.040741
0 0.747654 0.281481 0.041710 0.037037
0 0.765902 0.276852 0.038582 0.027778
0 0.006256 0.362963 0.012513 0.059260
0 0.039624 0.342592 0.079249 0.066667
0 0.105318 0.328704 0.077164 0.061111
0 0.177268 0.315740 0.077164 0.057407
0 0.055266 0.269444 0.054223 0.050000
0 0.015120 0.277778 0.030240 0.051852
0 0.587070 0.283334 0.056308 0.040741
0 0.647550 0.262037 0.052137 0.038888
0 0.508863 0.254630 0.022941 0.027778
0 0.528154 0.255555 0.040667 0.037037
0 0.525548 0.222222 0.045881 0.033333
0 0.569343 0.242592 0.041710 0.029629
0 0.600105 0.238889 0.026069 0.029630
0 0.622002 0.237037 0.028154 0.029630
0 0.646506 0.229630 0.031283 0.025926
0 0.797184 0.247223 0.051095 0.038889
0 0.703921 0.216667 0.033910 0.017778
0 0.776277 0.202777 0.016789 0.017407
0 0.766736 0.206203 0.018352 0.018333
0 0.755735 0.209259 0.031178 0.019259
0 0.701095 0.195833 0.019500 0.015000
0 0.691553 0.198333 0.019395 0.015185
0 0.681022 0.200463 0.015224 0.016852
0 0.670907 0.202130 0.017518 0.016852
0 0.660740 0.202685 0.020125 0.016482
0 0.653232 0.202870 0.012825 0.015000
0 0.645522 0.203879 0.014943 0.018241
0 0.636168 0.206000 0.022138 0.014888
0 0.621746 0.208954 0.028019 0.018685
0 0.602784 0.210602 0.032200 0.019796
0 0.544427 0.215722 0.023409 0.023741
0 0.665798 0.225000 0.032325 0.024074
