0 0.456250 0.083334 0.039062 0.036111
0 0.486328 0.079167 0.027344 0.036111
0 0.247657 0.077777 0.040625 0.033333
0 0.298828 0.072222 0.046094 0.030556
0 0.524609 0.072222 0.044531 0.025000
0 0.145313 0.481944 0.092187 0.183333
0 0.100390 0.415277 0.057031 0.113889
0 0.080078 0.338889 0.057032 0.097222
0 0.056641 0.300000 0.033594 0.083334
0 0.044922 0.265973 0.035156 0.070833
0 0.031641 0.243750 0.028906 0.056944
0 0.021875 0.210417 0.032812 0.059722
0 0.012110 0.186806 0.024219 0.043055
0 0.902343 0.871528 0.142187 0.256944
0 0.791406 0.788889 0.175000 0.247222
0 0.691797 0.688195 0.169532 0.223611
0 0.589063 0.624305 0.159375 0.181945
0 0.517188 0.550694 0.171875 0.170833
0 0.418359 0.434723 0.161719 0.138889
0 0.368750 0.377778 0.140625 0.127778
0 0.319531 0.351389 0.101562 0.108334
0 0.299609 0.318750 0.114843 0.106944
0 0.262109 0.303472 0.088281 0.093056
0 0.225781 0.250000 0.106250 0.105556
0 0.195312 0.236806 0.059375 0.068055
0 0.183594 0.229167 0.071875 0.075000
0 0.025781 0.157639 0.032813 0.034722
0 0.089844 0.127777 0.043750 0.036111
0 0.191406 0.095833 0.042187 0.027778
0 0.136328 0.166667 0.057031 0.052778
0 0.174219 0.214583 0.073438 0.070833
0 0.163281 0.198611 0.068750 0.066666
0 0.294922 0.180555 0.083594 0.072223
0 0.377734 0.232639 0.102344 0.093056
0 0.456641 0.289583 0.103907 0.106945
0 0.512109 0.320139 0.119531 0.120834
0 0.572657 0.354861 0.128125 0.131944
0 0.634375 0.406944 0.115625 0.130555
0 0.730078 0.463889 0.132032 0.177778
0 0.979688 0.709723 0.040625 0.163889
0 0.978125 0.401389 0.043750 0.116666
0 0.913281 0.349306 0.060938 0.087500
0 0.867188 0.313195 0.076563 0.095833
0 0.799219 0.281944 0.073438 0.083333
0 0.753516 0.250000 0.066406 0.075000
0 0.707812 0.229861 0.071875 0.070834
0 0.681250 0.202083 0.065625 0.070833
0 0.671485 0.160417 0.058593 0.048611
0 0.748047 0.186111 0.052344 0.055556
0 0.784766 0.213195 0.053907 0.048611
0 0.855078 0.255555 0.052344 0.063889
0 0.914453 0.280555 0.046094 0.058333
0 0.529297 0.105555 0.058594 0.058333
0 0.551953 0.073611 0.030468 0.038889
0 0.577031 0.073611 0.027187 0.033334
0 0.615235 0.069444 0.038281 0.033333
0 0.382812 0.052778 0.042187 0.025000
0 0.372657 0.081250 0.023437 0.031944
0 0.394141 0.077778 0.024219 0.030556
0 0.424609 0.068750 0.027343 0.026388
0 0.477344 0.026389 0.021875 0.016666
0 0.464453 0.051389 0.033594 0.027778
0 0.354687 0.109028 0.053125 0.040278
0 0.261719 0.106944 0.023438 0.030555
0 0.235546 0.111111 0.030469 0.030556
0 0.208985 0.119445 0.028907 0.030555
0 0.180078 0.127083 0.022656 0.031945
0 0.413672 0.097223 0.046094 0.038889
0 0.528125 0.038889 0.023438 0.022222
0 0.502344 0.030555 0.023437 0.013889
0 0.618750 0.045833 0.028124 0.022222
0 0.557813 0.045833 0.031250 0.025000
0 0.320078 0.096806 0.045782 0.026945
0 0.237109 0.452778 0.100781 0.141667
0 0.215624 0.627777 0.128125 0.233333
0 0.338282 0.836111 0.198437 0.327778
0 0.481641 0.971528 0.121094 0.056944
