0 0.844710 0.011009 0.033071 0.022018
0 0.774307 0.003728 0.009316 0.007456
0 0.760526 0.008114 0.029509 0.016228
0 0.738088 0.012982 0.035965 0.025439
0 0.714974 0.018246 0.045000 0.035614
0 0.692692 0.023026 0.052193 0.046053
0 0.074921 0.757438 0.101684 0.190983
0 0.034868 0.630114 0.069737 0.156790
0 0.047052 0.509895 0.094105 0.114246
0 0.035960 0.438360 0.071921 0.062859
0 0.149680 0.436754 0.110044 0.112772
0 0.126215 0.393474 0.107868 0.102597
0 0.513176 0.748632 0.121685 0.188807
0 0.423956 0.615316 0.101860 0.154246
0 0.351382 0.510176 0.090219 0.132421
0 0.292859 0.424596 0.080789 0.116105
0 0.238399 0.352614 0.070991 0.104596
0 0.192294 0.292737 0.067956 0.094982
0 0.153592 0.233324 0.059114 0.076087
0 0.120505 0.187877 0.053903 0.070702
0 0.209079 0.142457 0.053246 0.060351
0 0.145351 0.312675 0.066666 0.081386
0 0.109263 0.263842 0.059368 0.089544
0 0.077184 0.211526 0.053386 0.081158
0 0.052162 0.168202 0.048360 0.076860
0 0.092369 0.145614 0.049649 0.059650
0 0.568860 0.689210 0.116667 0.171403
0 0.476754 0.567544 0.099123 0.138596
0 0.403509 0.465790 0.085965 0.117543
0 0.340175 0.386140 0.076491 0.101403
0 0.289342 0.317544 0.070438 0.092982
0 0.242982 0.259649 0.064913 0.077193
0 0.203684 0.206755 0.060000 0.070701
0 0.167544 0.165263 0.054386 0.069474
0 0.136492 0.126316 0.048421 0.063158
0 0.446754 0.434473 0.086491 0.111053
0 0.383772 0.352720 0.076316 0.094561
0 0.331140 0.290351 0.069298 0.085965
0 0.285965 0.234210 0.061404 0.071929
0 0.243377 0.185088 0.058860 0.064912
0 0.485276 0.007298 0.024483 0.014596
0 0.525281 0.021527 0.049211 0.042983
0 0.541084 0.018527 0.035325 0.037053
0 0.575105 0.046176 0.052368 0.060351
0 0.653053 0.042403 0.052456 0.047895
0 0.673658 0.034245 0.049474 0.050877
0 0.651211 0.009947 0.032807 0.019473
0 0.628412 0.013175 0.039456 0.026351
0 0.603843 0.018509 0.047193 0.037018
0 0.628009 0.055210 0.056228 0.050701
0 0.580947 0.032141 0.046667 0.056141
0 0.566685 0.004141 0.028737 0.007789
0 0.474745 0.044964 0.050211 0.074737
0 0.463562 0.010394 0.035527 0.020789
0 0.501237 0.031930 0.048772 0.042982
0 0.549263 0.057193 0.052018 0.059824
0 0.576369 0.111492 0.064825 0.085263
0 0.602027 0.097895 0.059825 0.082632
0 0.629131 0.079298 0.058421 0.068596
0 0.660710 0.133771 0.068947 0.085965
0 0.726965 0.176245 0.076754 0.099473
0 0.686833 0.115983 0.065263 0.076843
0 0.748544 0.124316 0.068334 0.064386
0 0.772228 0.109667 0.060088 0.059649
0 0.788280 0.097561 0.063947 0.057895
0 0.809421 0.083701 0.059736 0.057193
0 0.827886 0.070895 0.057368 0.052982
0 0.844465 0.059044 0.058772 0.050018
0 0.861614 0.046859 0.057807 0.050175
0 0.407895 0.031158 0.048246 0.061930
0 0.382114 0.039219 0.050526 0.073842
0 0.342062 0.014491 0.039211 0.028246
0 0.314342 0.021509 0.038158 0.042632
0 0.354254 0.051772 0.049386 0.074386
0 0.324868 0.064666 0.053772 0.078421
0 0.289606 0.007289 0.019211 0.014579
0 0.255491 0.021413 0.035000 0.042825
0 0.285219 0.035973 0.036579 0.071947
0 0.225794 0.008351 0.025623 0.015965
0 0.813970 0.169973 0.076553 0.085175
0 0.753815 0.162280 0.073947 0.096491
0 0.521710 0.076755 0.057457 0.081579
0 0.962913 0.172158 0.050421 0.083158
0 0.985956 0.194877 0.028088 0.078491
0 0.986009 0.135316 0.027982 0.068000
0 0.924491 0.208974 0.059474 0.089421
0 0.887018 0.187632 0.060947 0.085053
0 0.928071 0.144474 0.047263 0.061474
0 0.959280 0.113947 0.045053 0.055158
0 0.983745 0.086369 0.032509 0.054737
0 0.981220 0.017324 0.037561 0.034649
0 0.974737 0.032939 0.050526 0.057386
0 0.964325 0.040824 0.059737 0.051755
0 0.949912 0.054491 0.060632 0.059439
0 0.939356 0.062395 0.058149 0.053070
0 0.923781 0.078079 0.061456 0.063702
0 0.909579 0.087158 0.062492 0.059684
0 0.891698 0.106035 0.065465 0.066772
0 0.874834 0.115710 0.066175 0.063457
0 0.856610 0.132693 0.065114 0.068650
0 0.836951 0.151096 0.071623 0.080929
0 0.434912 0.026316 0.040000 0.052632
0 0.767543 0.451228 0.103509 0.116492
0 0.734868 0.485614 0.108158 0.118596
0 0.697237 0.535964 0.110263 0.131579
0 0.659079 0.577807 0.113421 0.142632
0 0.613465 0.629825 0.116930 0.150877
0 0.642281 0.404035 0.094386 0.102807
0 0.606842 0.442106 0.095088 0.112281
0 0.568860 0.479386 0.097369 0.126492
0 0.523772 0.522632 0.099824 0.130877
0 0.676403 0.372807 0.091053 0.100000
0 0.600044 0.305439 0.080614 0.089123
0 0.565438 0.331404 0.082105 0.088071
0 0.529737 0.364035 0.084386 0.096492
0 0.492105 0.396579 0.085965 0.108596
0 0.723245 0.993860 0.035965 0.012281
0 0.813157 0.950877 0.140351 0.098246
0 0.873246 0.913158 0.169299 0.173684
0 0.912720 0.861403 0.164035 0.214035
0 0.935088 0.785087 0.129825 0.187719
0 0.952587 0.686842 0.094825 0.117544
0 0.966535 0.614912 0.066930 0.075439
0 0.981140 0.483333 0.037719 0.047369
0 0.874561 0.545087 0.121053 0.135789
0 0.845307 0.590264 0.125702 0.144737
0 0.808333 0.648246 0.130702 0.156141
0 0.770614 0.703333 0.132456 0.173684
0 0.726754 0.768421 0.139473 0.185965
0 0.682368 0.833947 0.141929 0.205789
0 0.628070 0.900877 0.145614 0.198246
0 0.554386 0.942106 0.136842 0.115789
0 0.450132 0.829824 0.124825 0.207017
0 0.359342 0.685088 0.106930 0.166667
0 0.288158 0.573684 0.093860 0.143860
0 0.226184 0.476491 0.086228 0.120702
0 0.461206 0.988149 0.058096 0.023702
0 0.380728 0.901439 0.130824 0.197123
0 0.290644 0.753991 0.111325 0.187702
0 0.220793 0.628921 0.093851 0.157596
0 0.163066 0.527421 0.086658 0.131824
0 0.295061 0.943947 0.120403 0.112105
0 0.217215 0.830754 0.113868 0.204456
0 0.152189 0.687815 0.095851 0.170333
0 0.099351 0.575184 0.086948 0.143702
0 0.200386 0.993158 0.039456 0.013684
0 0.137439 0.901702 0.116123 0.196596
0 0.877008 0.035193 0.055439 0.047193
0 0.888763 0.025105 0.054912 0.045965
0 0.904732 0.018517 0.053149 0.037035
0 0.927022 0.012114 0.034184 0.024228
0 0.944421 0.007386 0.028158 0.014736
0 0.957198 0.002746 0.014991 0.005491
0 0.408987 0.005737 0.017430 0.011368
0 0.372565 0.007904 0.027149 0.015807
0 0.681815 0.087860 0.062105 0.060527
0 0.707035 0.083824 0.053948 0.069299
0 0.725544 0.064701 0.054824 0.055263
0 0.746290 0.052684 0.055263 0.054386
0 0.765938 0.042246 0.052983 0.052456
0 0.784461 0.031281 0.053483 0.047369
0 0.802079 0.022307 0.052982 0.044614
0 0.861938 0.005991 0.023789 0.011982
0 0.824680 0.016869 0.040938 0.033737
