0 0.758951 0.358024 0.082716 0.091049
0 0.020144 0.310308 0.040289 0.023951
0 0.014915 0.334506 0.029830 0.045664
0 0.045988 0.358055 0.091975 0.093379
0 0.086368 0.359571 0.089132 0.086705
0 0.116609 0.373213 0.078974 0.090949
0 0.159299 0.379549 0.082411 0.093310
0 0.218919 0.390367 0.102407 0.102955
0 0.996182 0.316350 0.007635 0.021157
0 0.164931 0.674768 0.136189 0.263117
0 0.347415 0.648534 0.124614 0.238426
0 0.442709 0.528936 0.099923 0.158179
0 0.493827 0.671296 0.043982 0.172839
0 0.553820 0.511690 0.096837 0.171065
0 0.628665 0.640432 0.143904 0.239198
0 0.763388 0.633873 0.176929 0.229167
0 0.895641 0.609182 0.187115 0.233796
0 0.961998 0.572145 0.076003 0.159722
0 0.779012 0.468750 0.132099 0.148920
0 0.666088 0.507716 0.107638 0.171296
0 0.882716 0.440201 0.160494 0.156636
0 0.960475 0.441358 0.079051 0.111112
0 0.962191 0.351852 0.075617 0.097222
0 0.899691 0.346836 0.087191 0.081019
0 0.831674 0.347994 0.090047 0.063272
0 0.684857 0.372145 0.081674 0.096142
0 0.614197 0.408565 0.145833 0.097994
0 0.544965 0.374229 0.064468 0.103395
0 0.466243 0.381559 0.057485 0.116513
0 0.390104 0.381559 0.061612 0.121142
0 0.300926 0.381173 0.091050 0.141975
0 0.223206 0.533179 0.102970 0.152778
0 0.331983 0.532793 0.092206 0.164352
0 0.054012 0.574075 0.108025 0.146605
0 0.018326 0.487268 0.036651 0.043981
0 0.274305 0.881173 0.423611 0.233025
0 0.274112 0.975309 0.137731 0.049383
0 0.660880 0.959105 0.187500 0.081790
0 0.888310 0.951389 0.223380 0.097222
0 0.614197 0.358410 0.067901 0.048611
