0 0.752930 0.700410 0.151953 0.136922
0 0.589843 0.602399 0.149219 0.143358
0 0.443554 0.518725 0.151953 0.137507
0 0.308339 0.613517 0.158867 0.180807
0 0.425976 0.717964 0.163671 0.154476
0 0.159375 0.538853 0.151562 0.148742
0 0.090234 0.491515 0.122656 0.138093
0 0.226172 0.400234 0.155468 0.127560
0 0.309824 0.434465 0.157226 0.130485
0 0.031446 0.247221 0.062891 0.112931
0 0.059570 0.191486 0.119141 0.120246
0 0.110547 0.150672 0.110938 0.118783
0 0.169336 0.118198 0.136328 0.114687
0 0.251758 0.065243 0.124610 0.130486
0 0.300391 0.038912 0.103906 0.077823
0 0.845313 0.203628 0.130469 0.124049
0 0.968360 0.283850 0.063281 0.108718
0 0.249414 0.991808 0.063672 0.016384
0 0.015625 0.866882 0.031250 0.057929
0 0.073868 0.920714 0.098359 0.073142
0 0.965566 0.977472 0.068867 0.045056
