0 0.433594 0.867361 0.187500 0.265278
0 0.437891 0.290973 0.121093 0.145833
0 0.343360 0.321528 0.114843 0.143056
0 0.430078 0.447916 0.128906 0.168055
0 0.531641 0.597916 0.146094 0.201389
0 0.650390 0.567361 0.163281 0.206944
0 0.537110 0.418750 0.138281 0.170834
0 0.655860 0.786806 0.172657 0.248611
0 0.792578 0.763888 0.182032 0.238889
0 0.814453 0.943056 0.177344 0.113889
0 0.927735 0.922916 0.144531 0.154167
0 0.768750 0.400000 0.157812 0.172222
0 0.668359 0.422223 0.146093 0.166667
0 0.559375 0.296527 0.125000 0.145833
0 0.641797 0.268750 0.135156 0.145834
0 0.779297 0.293056 0.146094 0.141667
0 0.773828 0.197917 0.116406 0.112500
0 0.834766 0.168055 0.114844 0.111111
0 0.840625 0.093750 0.106250 0.090278
0 0.742188 0.090973 0.101563 0.095833
0 0.685547 0.116667 0.100782 0.094445
0 0.667578 0.190972 0.114844 0.112500
0 0.578906 0.104861 0.115625 0.112500
0 0.541797 0.161805 0.110156 0.118055
0 0.469921 0.191667 0.111719 0.127778
0 0.386718 0.099306 0.103125 0.112500
0 0.460586 0.073611 0.102422 0.105556
0 0.058985 0.410417 0.117969 0.240278
0 0.128125 0.593055 0.134375 0.244445
0 0.207422 0.785416 0.144531 0.256945
0 0.298046 0.936805 0.142969 0.126389
0 0.085156 0.875000 0.170313 0.250000
0 0.030468 0.659722 0.060937 0.258333
0 0.020703 0.260416 0.041406 0.104167
0 0.022883 0.066382 0.045766 0.121570
0 0.046351 0.144396 0.086875 0.131486
0 0.091993 0.234403 0.092453 0.154972
0 0.146292 0.342673 0.105961 0.165931
0 0.218058 0.478083 0.135601 0.218639
0 0.313597 0.666451 0.157617 0.267681
0 0.901015 0.016049 0.085265 0.031403
0 0.970562 0.011215 0.058625 0.022347
0 0.965910 0.063340 0.068180 0.081542
0 0.902508 0.074160 0.108875 0.096042
0 0.972398 0.130271 0.055203 0.065264
0 0.941847 0.176910 0.116305 0.109458
0 0.938723 0.256597 0.122555 0.131694
0 0.885543 0.294299 0.133508 0.124431
0 0.969183 0.393382 0.061633 0.116014
0 0.911781 0.416612 0.160516 0.154611
0 0.987528 0.512639 0.024945 0.081528
0 0.913742 0.567347 0.172516 0.224306
0 0.803211 0.586534 0.176078 0.210569
0 0.927914 0.792611 0.144172 0.253444
0 0.100144 0.011980 0.029305 0.023653
0 0.155062 0.050028 0.094125 0.100056
0 0.220301 0.025993 0.086742 0.051986
0 0.281394 0.081681 0.103335 0.115750
0 0.321735 0.032660 0.095969 0.065319
0 0.398110 0.023729 0.079391 0.047458
0 0.500793 0.040716 0.096540 0.081431
0 0.552594 0.012653 0.049844 0.025306
0 0.605672 0.046069 0.094000 0.088833
0 0.662000 0.033667 0.091156 0.067333
0 0.751687 0.033542 0.098657 0.067083
0 0.824937 0.024056 0.076157 0.047805
0 0.209765 0.130555 0.092969 0.111111
0 0.270703 0.218056 0.102344 0.125000
0 0.355078 0.180555 0.114844 0.130555
