0 0.850097 0.883412 0.299805 0.233177
0 0.717774 0.733569 0.564453 0.528795
0 0.737988 0.507433 0.521484 0.210485
0 0.900390 0.372692 0.199219 0.337559
0 0.501026 0.380282 0.265527 0.278560
0 0.131836 0.439750 0.263672 0.194053
0 0.244336 0.616588 0.488672 0.435055
0 0.204590 0.321049 0.389648 0.202973
0 0.034473 0.216197 0.068945 0.240532
0 0.079590 0.181691 0.159180 0.115493
0 0.124853 0.159625 0.204785 0.131455
0 0.701661 0.412363 0.442383 0.251956
0 0.127637 0.110485 0.255273 0.214710
0 0.260987 0.097026 0.165527 0.143975
0 0.415527 0.180752 0.315430 0.176839
0 0.700684 0.199374 0.293945 0.174022
0 0.858399 0.122848 0.244141 0.173709
0 0.840332 0.043740 0.192382 0.084664
0 0.974121 0.136151 0.051758 0.147105
0 0.950684 0.035993 0.098633 0.071987
0 0.648144 0.107199 0.188867 0.117371
0 0.405762 0.131456 0.346680 0.187793
0 0.633447 0.034179 0.200078 0.068357
0 0.768814 0.041550 0.109639 0.083099
0 0.864239 0.007465 0.081231 0.014930
0 0.149639 0.015892 0.093926 0.031784
0 0.020303 0.045157 0.040605 0.050063
0 0.040605 0.011416 0.072793 0.022833
0 0.467338 0.030509 0.182959 0.061017
0 0.199555 0.013224 0.044951 0.026448
0 0.243330 0.012738 0.059726 0.025477
0 0.335884 0.022082 0.125498 0.044163
0 0.324707 0.837245 0.649414 0.325509
