0 0.991806 0.359985 0.016389 0.019383
0 0.090278 0.854602 0.180556 0.290795
0 0.161805 0.751046 0.323611 0.307532
0 0.266319 0.661088 0.327083 0.246862
0 0.376910 0.600418 0.290625 0.209205
0 0.453542 0.546025 0.248472 0.182008
0 0.517708 0.509728 0.219028 0.154184
0 0.568750 0.485355 0.187500 0.142259
0 0.609722 0.463390 0.171806 0.125523
0 0.639479 0.440377 0.182014 0.123431
0 0.681285 0.424686 0.149792 0.100418
0 0.702848 0.406904 0.152639 0.096234
0 0.722014 0.394875 0.150416 0.097281
0 0.744757 0.379707 0.127152 0.081590
0 0.760764 0.372333 0.128472 0.085669
0 0.782639 0.362448 0.116944 0.078452
0 0.794791 0.350942 0.111805 0.072175
0 0.806875 0.343044 0.103056 0.069352
0 0.822048 0.338336 0.099931 0.069979
0 0.831806 0.328242 0.095000 0.062343
0 0.886459 0.813808 0.227083 0.372385
0 0.848958 0.735879 0.057639 0.103557
0 0.920486 0.634937 0.159028 0.123431
0 0.932639 0.576883 0.134722 0.086820
0 0.945833 0.539749 0.108333 0.054394
0 0.955729 0.512605 0.088542 0.044037
0 0.959722 0.489853 0.080556 0.044561
0 0.964236 0.466005 0.071528 0.034519
0 0.967291 0.448326 0.065417 0.034728
0 0.973216 0.428389 0.053569 0.019937
0 0.973639 0.416831 0.052722 0.030272
0 0.982281 0.400340 0.035438 0.016392
0 0.982982 0.390497 0.034035 0.025764
0 0.988465 0.372824 0.023069 0.023912
0 0.994215 0.349168 0.011569 0.010513
0 0.995834 0.343473 0.008333 0.009289
0 0.997948 0.325110 0.004104 0.013378
0 0.996698 0.317929 0.006604 0.016004
0 0.996698 0.312009 0.006604 0.017887
0 0.839118 0.323771 0.088402 0.059654
0 0.846618 0.314964 0.095194 0.055283
0 0.870937 0.313306 0.054250 0.048703
0 0.860062 0.307971 0.082667 0.052092
0 0.862951 0.302427 0.088819 0.043138
0 0.874861 0.300597 0.079916 0.043745
0 0.882899 0.298154 0.078243 0.046454
0 0.881701 0.278635 0.056639 0.029466
0 0.894122 0.279629 0.046923 0.032897
0 0.899219 0.277976 0.049410 0.031894
0 0.902378 0.275528 0.049757 0.029508
0 0.911486 0.265638 0.024930 0.020920
0 0.827694 0.214205 0.017917 0.010774
0 0.981208 0.220272 0.035583 0.017950
0 0.850632 0.254247 0.033486 0.021674
0 0.838757 0.255356 0.030556 0.025000
0 0.822854 0.257134 0.049444 0.029394
0 0.811084 0.259958 0.046181 0.026464
0 0.794708 0.259853 0.061250 0.027615
0 0.796083 0.264686 0.051667 0.030251
0 0.771167 0.265690 0.060167 0.024728
0 0.801333 0.285136 0.035667 0.028472
0 0.770208 0.295377 0.035750 0.027113
0 0.752909 0.273922 0.041667 0.025419
0 0.758639 0.272249 0.052292 0.027720
0 0.767736 0.269373 0.034514 0.022175
0 0.677847 0.290785 0.059097 0.033891
0 0.663100 0.292066 0.071201 0.030722
0 0.658799 0.296736 0.054000 0.031631
0 0.644850 0.297714 0.060299 0.034195
0 0.615500 0.299822 0.091000 0.032678
0 0.617497 0.307281 0.057201 0.032531
0 0.747448 0.301856 0.042702 0.030429
0 0.721048 0.312626 0.042695 0.033891
0 0.700049 0.322715 0.049695 0.032081
0 0.663048 0.334539 0.061097 0.040063
0 0.613549 0.354576 0.072903 0.048504
0 0.549482 0.384953 0.110243 0.064028
0 0.595021 0.312165 0.083278 0.042113
0 0.584159 0.313242 0.083403 0.035607
0 0.564361 0.315868 0.081000 0.038326
0 0.535559 0.324817 0.107160 0.049341
0 0.531479 0.332139 0.093000 0.043378
0 0.501781 0.335298 0.095757 0.043922
0 0.474903 0.353374 0.110403 0.075011
0 0.056250 0.566946 0.112500 0.085774
0 0.202570 0.511506 0.207361 0.135983
0 0.355903 0.450837 0.138194 0.087866
0 0.442848 0.361402 0.112917 0.074268
0 0.410277 0.370816 0.123889 0.084728
0 0.374930 0.383368 0.122361 0.080544
0 0.319688 0.376046 0.143959 0.057532
0 0.278125 0.400104 0.127362 0.070083
0 0.228056 0.412657 0.146667 0.076360
0 0.163090 0.424006 0.140764 0.071862
0 0.083334 0.456066 0.166667 0.127615
0 0.059028 0.479602 0.118056 0.132845
0 0.875590 0.232113 0.078958 0.045816
0 0.863646 0.242154 0.074514 0.038703
