0 0.158333 0.815625 0.316667 0.289584
0 0.515972 0.904687 0.334722 0.190625
0 0.498958 0.721875 0.265972 0.185416
0 0.485764 0.573438 0.228472 0.144791
0 0.470139 0.459896 0.197222 0.119792
0 0.454861 0.379167 0.183334 0.100000
0 0.453819 0.311458 0.147917 0.089583
0 0.445833 0.256771 0.130555 0.071875
0 0.727563 0.082136 0.094681 0.053645
0 0.731159 0.045849 0.077403 0.047740
0 0.985382 0.015859 0.029236 0.031719
0 0.672570 0.242188 0.121527 0.084375
0 0.702084 0.288542 0.126389 0.089583
0 0.737153 0.352083 0.153472 0.106250
0 0.785763 0.431771 0.182639 0.132292
0 0.850695 0.525000 0.190277 0.168750
0 0.917014 0.643229 0.165972 0.188542
0 0.987847 0.248958 0.024306 0.064583
0 0.641667 0.004167 0.027778 0.008333
0 0.675694 0.004167 0.026389 0.008333
0 0.024306 0.332813 0.048611 0.084375
0 0.004514 0.388542 0.009028 0.037500
0 0.240625 0.283334 0.147916 0.089583
0 0.239930 0.338021 0.179861 0.109375
0 0.203473 0.414583 0.170833 0.135417
0 0.205902 0.508854 0.214583 0.176042
0 0.183333 0.646875 0.261111 0.206250
