0 0.014459 0.124013 0.028917 0.072933
0 0.009012 0.148174 0.018025 0.076587
0 0.011312 0.598920 0.022625 0.071014
0 0.009166 0.559033 0.018333 0.053053
0 0.021413 0.535573 0.042825 0.140907
0 0.020559 0.457433 0.041117 0.097000
0 0.064012 0.385880 0.122125 0.265626
0 0.163538 0.415407 0.086591 0.117533
0 0.150679 0.334720 0.061208 0.050960
0 0.121362 0.269520 0.073609 0.083494
0 0.167846 0.255560 0.073608 0.100906
0 0.179138 0.228613 0.070225 0.094853
0 0.180320 0.197580 0.081475 0.105374
0 0.212359 0.190667 0.063067 0.100907
0 0.180275 0.143493 0.053616 0.021760
0 0.208467 0.137893 0.059800 0.042880
0 0.194917 0.113973 0.073900 0.046240
0 0.246909 0.114866 0.053333 0.066533
0 0.305021 0.194647 0.093025 0.144920
0 0.357946 0.192220 0.037008 0.112894
0 0.321067 0.106720 0.065000 0.058720
0 0.352817 0.089933 0.056300 0.077600
0 0.369159 0.058220 0.147433 0.116440
0 0.593862 0.044293 0.117159 0.088587
0 0.426775 0.147940 0.079884 0.068894
0 0.408542 0.131354 0.054717 0.080867
0 0.426975 0.098300 0.055300 0.045134
0 0.449675 0.086540 0.074484 0.086174
0 0.525400 0.101513 0.052566 0.071880
0 0.548296 0.110846 0.053425 0.077187
0 0.581271 0.068454 0.060042 0.042613
0 0.087133 0.109546 0.068600 0.140453
0 0.074788 0.128073 0.072559 0.073000
0 0.930825 0.241027 0.084850 0.111280
0 0.930133 0.158294 0.067567 0.070773
0 0.574708 0.179867 0.067250 0.093600
0 0.611667 0.273533 0.085000 0.096933
0 0.582500 0.225800 0.068334 0.084400
0 0.133008 0.123120 0.035600 0.071334
0 0.993250 0.757833 0.013500 0.133000
0 0.928184 0.183013 0.052133 0.020507
0 0.569625 0.109854 0.049766 0.039253
0 0.577408 0.119113 0.063917 0.043960
0 0.581042 0.137220 0.059100 0.047000
0 0.637791 0.463600 0.081083 0.052534
0 0.661667 0.446000 0.095000 0.049334
0 0.663750 0.525134 0.097500 0.140933
0 0.627833 0.490467 0.064333 0.037200
0 0.650041 0.533467 0.095083 0.106933
0 0.657542 0.584067 0.074917 0.149200
0 0.626250 0.584000 0.119166 0.144000
0 0.590000 0.595333 0.121666 0.086667
0 0.616583 0.654733 0.126833 0.112133
0 0.584750 0.662000 0.144500 0.052000
0 0.615000 0.721334 0.115000 0.098667
0 0.547500 0.743333 0.126666 0.108000
0 0.602916 0.770667 0.130833 0.112000
0 0.645000 0.878000 0.051666 0.193334
0 0.557917 0.875333 0.187500 0.249333
0 0.638125 0.442214 0.098350 0.113813
0 0.633363 0.354200 0.097791 0.130986
0 0.645804 0.300254 0.083358 0.057333
0 0.058271 0.071100 0.082775 0.142200
0 0.126442 0.072246 0.050800 0.101747
0 0.078258 0.159360 0.067600 0.093120
0 0.073167 0.204740 0.067250 0.073960
0 0.049625 0.210980 0.083234 0.061054
0 0.045112 0.233234 0.078825 0.049213
0 0.001621 0.289740 0.003242 0.024120
0 0.002479 0.318040 0.004958 0.034080
0 0.003259 0.369720 0.006517 0.080720
0 0.196387 0.081234 0.043559 0.023427
0 0.195550 0.092853 0.047884 0.022080
0 0.149012 0.076867 0.014109 0.063360
0 0.182800 0.072560 0.067200 0.070240
0 0.229896 0.082133 0.047525 0.031867
0 0.269975 0.094813 0.042966 0.059520
0 0.301054 0.097207 0.048242 0.052040
0 0.324217 0.061307 0.042000 0.025920
0 0.658633 0.124013 0.053300 0.094693
0 0.664700 0.161734 0.039084 0.086667
0 0.666480 0.173353 0.034925 0.097347
0 0.672845 0.202153 0.021975 0.096573
0 0.725379 0.174973 0.102642 0.175840
0 0.727513 0.210406 0.087825 0.093773
0 0.730959 0.237480 0.082367 0.064054
0 0.758754 0.387954 0.041758 0.115667
0 0.777904 0.334260 0.082942 0.064974
0 0.759113 0.322147 0.075025 0.107147
0 0.827946 0.312473 0.072142 0.056440
0 0.808358 0.375254 0.100367 0.114747
0 0.857883 0.441466 0.097050 0.152533
0 0.810087 0.445273 0.102225 0.121747
0 0.817862 0.461686 0.097459 0.076307
0 0.857612 0.516966 0.081075 0.116787
0 0.809063 0.567874 0.121925 0.182733
0 0.868408 0.502374 0.022150 0.045387
0 0.834942 0.585593 0.139350 0.111480
0 0.831708 0.615447 0.096050 0.040600
0 0.820133 0.635754 0.106750 0.031853
0 0.873679 0.698806 0.121108 0.132253
0 0.828596 0.739787 0.164975 0.200667
0 0.838800 0.777206 0.124166 0.087587
0 0.894413 0.860447 0.132375 0.203107
0 0.848255 0.863800 0.185875 0.164426
0 0.816900 0.908393 0.141084 0.098333
0 0.856717 0.920740 0.142583 0.083214
0 0.976517 0.516060 0.046967 0.147640
0 0.983513 0.548686 0.032975 0.162573
0 0.963229 0.505833 0.053225 0.128840
0 0.966233 0.469614 0.067533 0.121093
0 0.971504 0.409333 0.056992 0.075200
0 0.965283 0.395787 0.069433 0.077413
0 0.902142 0.376433 0.092450 0.121107
0 0.948367 0.333307 0.080867 0.070773
0 0.902487 0.292246 0.079659 0.047827
0 0.887371 0.284920 0.073958 0.064134
0 0.875962 0.258240 0.072925 0.070506
0 0.837167 0.221327 0.094867 0.137693
0 0.813754 0.136727 0.062892 0.031507
0 0.795438 0.173360 0.038009 0.057226
0 0.788871 0.216900 0.030758 0.091240
0 0.980938 0.273726 0.032309 0.071053
0 0.987746 0.272506 0.024508 0.069627
0 0.988700 0.328286 0.022600 0.066813
0 0.968063 0.226720 0.026959 0.069386
0 0.969259 0.211380 0.061483 0.058066
0 0.898858 0.168520 0.041300 0.079626
0 0.878900 0.132160 0.059100 0.047280
0 0.869758 0.130500 0.050150 0.046174
0 0.984896 0.166480 0.030208 0.049974
0 0.981958 0.154834 0.036083 0.052253
0 0.954412 0.125113 0.055291 0.061373
0 0.871471 0.068987 0.078442 0.118880
0 0.813254 0.098407 0.041908 0.046760
0 0.814841 0.068927 0.039883 0.035747
0 0.777975 0.090687 0.046800 0.059453
0 0.748600 0.078820 0.045650 0.021426
0 0.730741 0.075254 0.042483 0.021653
0 0.700862 0.075367 0.039741 0.020973
0 0.654134 0.102320 0.056017 0.079946
0 0.556667 0.984667 0.130000 0.030667
0 0.605034 0.100133 0.053133 0.069120
0 0.563334 0.934667 0.173333 0.130667
0 0.598667 0.194000 0.066000 0.057334
0 0.724458 0.270133 0.077250 0.093600
0 0.153750 0.892667 0.179166 0.196000
0 0.212084 0.778000 0.159167 0.204000
0 0.295833 0.738000 0.125000 0.174666
0 0.059166 0.964000 0.118333 0.072000
0 0.035833 0.739333 0.071667 0.212000
0 0.065834 0.701334 0.113333 0.170667
0 0.164166 0.577333 0.121667 0.146667
0 0.213417 0.497333 0.116500 0.133333
0 0.258000 0.382333 0.096334 0.112667
0 0.341958 0.608000 0.100583 0.146666
0 0.357916 0.491333 0.105833 0.110667
0 0.402917 0.444000 0.100833 0.133334
0 0.407500 0.362000 0.105166 0.092000
0 0.449458 0.338800 0.027750 0.042400
0 0.445000 0.286666 0.088334 0.098667
0 0.413959 0.238534 0.069083 0.095467
0 0.424334 0.193933 0.079667 0.084133
0 0.338208 0.391667 0.059750 0.122533
0 0.313004 0.318214 0.100242 0.118613
0 0.282413 0.288487 0.072575 0.071320
0 0.244654 0.285174 0.069642 0.102853
0 0.009821 0.055000 0.019525 0.037334
0 0.009962 0.073940 0.019925 0.035934
