0 0.452904 0.295108 0.015429 0.012011
0 0.545247 0.516211 0.045703 0.037696
0 0.590755 0.551953 0.048698 0.044922
0 0.608398 0.571533 0.047526 0.054199
0 0.644401 0.590674 0.054427 0.052637
0 0.675749 0.612695 0.052018 0.063672
0 0.684245 0.556153 0.059896 0.059571
0 0.817481 0.575195 0.039909 0.046875
0 0.839519 0.535645 0.037109 0.049805
0 0.803060 0.519336 0.034505 0.049218
0 0.779069 0.556153 0.043816 0.043945
0 0.749024 0.539551 0.035807 0.038086
0 0.773112 0.510742 0.034506 0.042969
0 0.722657 0.520019 0.040365 0.051757
0 0.748047 0.497217 0.034114 0.033496
0 0.694206 0.508935 0.039453 0.036817
0 0.669369 0.491846 0.037175 0.037793
0 0.645150 0.480371 0.035091 0.033398
0 0.623470 0.469483 0.036394 0.030761
0 0.605110 0.455225 0.035091 0.029590
0 0.584375 0.446435 0.036198 0.029981
0 0.569271 0.435059 0.029166 0.024414
0 0.550098 0.426612 0.031185 0.029785
0 0.578874 0.416357 0.032747 0.022168
0 0.599512 0.422705 0.033138 0.027050
0 0.616113 0.430566 0.030534 0.027149
0 0.636901 0.440215 0.034114 0.023926
0 0.638203 0.388603 0.026172 0.019335
0 0.638529 0.370537 0.023047 0.016992
0 0.643314 0.355791 0.020248 0.016602
0 0.663854 0.346025 0.017448 0.017969
0 0.673359 0.355547 0.018489 0.015918
0 0.678665 0.337431 0.015429 0.019727
0 0.696797 0.343487 0.016797 0.015235
0 0.713887 0.333916 0.014779 0.014454
0 0.737715 0.324199 0.014388 0.013184
0 0.756400 0.310234 0.012695 0.012403
0 0.820169 0.291665 0.010677 0.008330
0 0.832682 0.268653 0.006120 0.007227
0 0.843587 0.274414 0.013997 0.007618
0 0.848926 0.271485 0.009310 0.008789
0 0.788281 0.280410 0.005547 0.007734
0 0.792813 0.278418 0.006953 0.007266
0 0.797774 0.276425 0.006407 0.006797
0 0.804023 0.272441 0.010000 0.011250
0 0.814297 0.266099 0.017266 0.022237
0 0.823965 0.267529 0.004102 0.006543
0 0.827773 0.266260 0.004687 0.005566
0 0.749017 0.268574 0.009466 0.008438
0 0.757175 0.274668 0.007969 0.007968
0 0.758945 0.282754 0.010234 0.009610
0 0.853662 0.374810 0.016647 0.018565
0 0.837012 0.370088 0.018672 0.020918
0 0.818450 0.367163 0.019805 0.019678
0 0.800787 0.361059 0.019805 0.019737
0 0.787662 0.355552 0.018815 0.020537
0 0.772887 0.353042 0.017545 0.017216
0 0.759443 0.348741 0.018340 0.016367
0 0.744649 0.345024 0.015299 0.015693
0 0.710784 0.354731 0.013275 0.013837
0 0.696950 0.366035 0.018900 0.017890
0 0.710619 0.369834 0.017891 0.017050
0 0.727607 0.374556 0.022611 0.019404
0 0.743580 0.380972 0.019687 0.019404
0 0.762989 0.383926 0.023399 0.020918
0 0.775925 0.393540 0.024297 0.020928
0 0.796569 0.396665 0.027786 0.023798
0 0.817327 0.404174 0.022949 0.023955
0 0.837350 0.411514 0.023398 0.026836
0 0.860752 0.418691 0.023848 0.026679
0 0.872897 0.408301 0.019987 0.025488
0 0.848248 0.401612 0.018503 0.023437
0 0.829961 0.393652 0.022396 0.023340
0 0.812376 0.387793 0.018112 0.018652
0 0.793242 0.381445 0.018880 0.015527
0 0.777324 0.374853 0.016471 0.016407
0 0.758672 0.370215 0.018490 0.017676
0 0.744382 0.366748 0.018295 0.014258
0 0.729928 0.340840 0.016563 0.010664
0 0.747194 0.332862 0.016094 0.012793
0 0.761022 0.335605 0.016406 0.015000
0 0.773874 0.339844 0.015078 0.010312
0 0.788014 0.342060 0.018672 0.015957
0 0.803835 0.345293 0.014687 0.013946
0 0.817624 0.350215 0.015078 0.014180
0 0.832848 0.352734 0.017910 0.017578
0 0.847428 0.359063 0.014843 0.014765
0 0.865739 0.363096 0.015722 0.017012
0 0.877624 0.382559 0.016328 0.017929
0 0.905007 0.391211 0.019375 0.018164
0 0.920436 0.414014 0.037734 0.056269
0 0.887937 0.368486 0.018359 0.016543
0 0.918561 0.364550 0.032422 0.015703
0 0.914069 0.355606 0.014218 0.010429
0 0.921764 0.351211 0.011015 0.011250
0 0.899030 0.354258 0.017266 0.015234
0 0.904890 0.348164 0.014297 0.011954
0 0.881901 0.350527 0.018816 0.014941
0 0.889908 0.345108 0.012435 0.012891
0 0.875619 0.339248 0.010677 0.009180
0 0.867057 0.346768 0.020768 0.016015
0 0.849544 0.344278 0.014258 0.012793
0 0.836237 0.337656 0.017188 0.015234
0 0.822435 0.336738 0.015234 0.012598
0 0.806191 0.333804 0.008659 0.009072
0 0.795612 0.330186 0.015234 0.013183
0 0.782135 0.326777 0.014063 0.012988
0 0.770644 0.323887 0.013347 0.011914
0 0.859457 0.337876 0.012663 0.010966
0 0.848539 0.332954 0.011621 0.010694
0 0.859414 0.325576 0.012006 0.010547
0 0.874648 0.327612 0.014531 0.012100
0 0.881023 0.322358 0.007969 0.011143
0 0.887305 0.331123 0.013594 0.014062
0 0.902494 0.334082 0.013217 0.013496
0 0.910882 0.326626 0.013496 0.014346
0 0.923210 0.331338 0.010781 0.011114
0 0.916979 0.336963 0.012188 0.012793
0 0.931449 0.339927 0.013809 0.012529
0 0.947210 0.344204 0.013965 0.013780
0 0.963806 0.348213 0.012285 0.014766
0 0.969193 0.340268 0.011250 0.013505
0 0.953728 0.337247 0.011621 0.012793
0 0.938070 0.334643 0.010683 0.013505
0 0.895925 0.325195 0.011797 0.012305
0 0.847760 0.322383 0.012657 0.010898
0 0.855729 0.317168 0.008594 0.011954
0 0.836315 0.319746 0.012422 0.013360
0 0.825105 0.316406 0.015625 0.014414
0 0.809987 0.306211 0.010546 0.006680
0 0.813385 0.310840 0.008437 0.006328
0 0.781041 0.318872 0.011927 0.007588
0 0.794095 0.318872 0.010352 0.012998
0 0.797751 0.310092 0.012038 0.009619
0 0.825986 0.301489 0.011817 0.007588
0 0.845111 0.312378 0.010690 0.011474
0 0.867435 0.319117 0.011588 0.010283
0 0.881608 0.312949 0.011588 0.009785
0 0.887907 0.310249 0.008886 0.010126
0 0.894993 0.314805 0.010691 0.009121
0 0.899889 0.312358 0.007422 0.009619
0 0.979375 0.326812 0.012188 0.011807
0 0.993486 0.315356 0.013027 0.009405
0 0.958001 0.314229 0.011250 0.010547
0 0.951253 0.321817 0.008626 0.011387
0 0.945859 0.324981 0.012656 0.011817
0 0.962816 0.325693 0.013561 0.015449
0 0.944980 0.312920 0.010026 0.011250
0 0.938135 0.318472 0.010970 0.010264
0 0.932230 0.322407 0.010970 0.009990
0 0.924626 0.315063 0.007936 0.008505
0 0.920173 0.319439 0.012637 0.012393
0 0.932718 0.309824 0.011530 0.009980
0 0.921345 0.307139 0.011321 0.011836
0 0.908965 0.305839 0.009688 0.009961
0 0.907907 0.319087 0.009720 0.007900
0 0.910875 0.314223 0.009993 0.009111
0 0.875869 0.307837 0.008327 0.007764
0 0.869007 0.310703 0.009681 0.008438
0 0.857982 0.309268 0.010352 0.009277
0 0.865485 0.305371 0.010800 0.007422
0 0.874655 0.300142 0.010690 0.008779
0 0.885791 0.301660 0.012038 0.008770
0 0.896491 0.304609 0.009362 0.008945
0 0.855150 0.296202 0.010664 0.008301
0 0.845834 0.294482 0.013099 0.007285
0 0.833858 0.310678 0.007285 0.009697
0 0.835928 0.302817 0.009720 0.008994
0 0.844528 0.301655 0.008340 0.011670
0 0.819346 0.463116 0.034759 0.041289
0 0.837425 0.445967 0.023796 0.025898
0 0.810131 0.433017 0.025195 0.032891
0 0.792636 0.454717 0.028463 0.030098
0 0.768490 0.443520 0.027291 0.026591
0 0.784238 0.430044 0.024258 0.026944
0 0.765108 0.420698 0.020735 0.018955
0 0.749310 0.435279 0.028998 0.029151
0 0.745986 0.408550 0.029160 0.034502
0 0.726954 0.428111 0.028021 0.024053
0 0.705811 0.421548 0.029161 0.023076
0 0.725052 0.405288 0.026888 0.021436
0 0.687884 0.412647 0.027448 0.027343
0 0.707682 0.399653 0.022956 0.022275
0 0.692549 0.391719 0.025762 0.019570
0 0.675504 0.386236 0.022949 0.016709
0 0.669544 0.402944 0.027448 0.022783
0 0.651322 0.397456 0.024974 0.022276
0 0.660882 0.380078 0.029030 0.018554
0 0.744115 0.256231 0.011849 0.007813
0 0.718171 0.261269 0.018555 0.010645
0 0.016585 0.377916 0.032624 0.021377
0 0.014011 0.409414 0.028021 0.033184
0 0.104004 0.375664 0.031028 0.020528
0 0.068050 0.364205 0.041998 0.018701
0 0.109349 0.352178 0.031588 0.020254
0 0.148395 0.343252 0.028692 0.016172
0 0.139818 0.366924 0.024844 0.020566
0 0.157630 0.361181 0.022214 0.018281
0 0.172910 0.354853 0.020156 0.021093
0 0.210514 0.327158 0.027500 0.014648
0 0.239576 0.319600 0.023125 0.013828
0 0.288245 0.307183 0.018431 0.011963
0 0.347314 0.288857 0.014343 0.014629
0 0.353597 0.296592 0.017532 0.012090
0 0.357858 0.302920 0.019688 0.014902
0 0.342305 0.309004 0.014063 0.012110
0 0.334622 0.311299 0.012891 0.013574
0 0.327754 0.313789 0.010612 0.012110
0 0.298522 0.319209 0.024674 0.016700
0 0.311609 0.315791 0.015039 0.009668
0 0.209812 0.344951 0.025781 0.021328
0 0.227428 0.340322 0.023672 0.017695
0 0.242233 0.336689 0.023282 0.017929
0 0.257279 0.333067 0.019466 0.015527
0 0.266752 0.328965 0.020833 0.014942
0 0.276875 0.326182 0.022070 0.015821
0 0.417096 0.282315 0.010612 0.009277
0 0.423347 0.287734 0.014649 0.010742
0 0.448769 0.304434 0.017579 0.010547
0 0.426341 0.272354 0.011784 0.009473
0 0.439395 0.275967 0.012761 0.007520
0 0.450228 0.262544 0.008438 0.007432
0 0.452927 0.272500 0.012037 0.007422
0 0.528626 0.305449 0.021849 0.011816
0 0.553890 0.294903 0.015188 0.010977
0 0.573157 0.296450 0.013971 0.014346
0 0.584174 0.294273 0.009557 0.009423
0 0.593684 0.290069 0.011849 0.010547
0 0.598600 0.287822 0.010352 0.009180
0 0.574349 0.284746 0.011718 0.010450
0 0.794193 0.254306 0.012787 0.016817
0 0.585482 0.279346 0.012760 0.013672
0 0.594955 0.277637 0.006445 0.010645
0 0.601920 0.272754 0.008659 0.009278
0 0.608073 0.271289 0.005208 0.008886
0 0.619174 0.285840 0.017383 0.009278
0 0.627767 0.283984 0.007096 0.007324
0 0.630501 0.282080 0.010482 0.008789
0 0.640560 0.274170 0.013282 0.007812
0 0.624342 0.268574 0.008138 0.008691
0 0.631504 0.261641 0.005664 0.007519
0 0.627624 0.263369 0.005729 0.006348
0 0.636771 0.259316 0.005404 0.007422
0 0.754785 0.256211 0.008008 0.005468
0 0.788756 0.274912 0.005795 0.004688
0 0.776191 0.280284 0.019466 0.019141
0 0.843177 0.261040 0.002890 0.006338
0 0.846380 0.260688 0.003359 0.006084
0 0.850319 0.250596 0.005014 0.004687
0 0.844623 0.247080 0.009375 0.010352
0 0.838815 0.248711 0.003906 0.005274
0 0.835592 0.249199 0.003060 0.003711
0 0.854919 0.243335 0.004043 0.004366
0 0.721537 0.480981 0.035235 0.034834
0 0.698249 0.471367 0.030508 0.034629
0 0.677461 0.459619 0.034024 0.028554
0 0.653834 0.449395 0.034557 0.030781
0 0.886875 0.459873 0.032618 0.036954
0 0.569736 0.526704 0.048014 0.052490
0 0.794890 0.271319 0.007969 0.006445
0 0.471679 0.807129 0.085287 0.110352
0 0.440234 0.763672 0.096615 0.111328
0 0.407878 0.731494 0.090495 0.091699
0 0.387044 0.690918 0.080078 0.077148
0 0.367936 0.655420 0.077930 0.072558
0 0.349935 0.625489 0.063151 0.061523
0 0.330273 0.603858 0.064193 0.063183
0 0.324121 0.574170 0.062696 0.041308
0 0.304036 0.559326 0.062500 0.042480
0 0.295247 0.533203 0.065755 0.052734
0 0.243815 0.601074 0.043620 0.071289
0 0.135742 0.431250 0.052734 0.035938
0 0.394205 0.356982 0.030599 0.024511
0 0.483008 0.331055 0.024870 0.018164
0 0.533854 0.349951 0.024740 0.016308
0 0.569335 0.341455 0.021875 0.018848
0 0.588151 0.328614 0.021484 0.014649
0 0.609017 0.310107 0.017644 0.012793
0 0.638119 0.315430 0.015429 0.013672
0 0.652767 0.319874 0.016080 0.012793
0 0.683464 0.311474 0.014843 0.011621
0 0.671517 0.307276 0.013737 0.010059
0 0.680664 0.293701 0.013672 0.009278
0 0.707715 0.283936 0.010482 0.008887
0 0.697949 0.300782 0.014518 0.011719
0 0.710645 0.304248 0.012305 0.008886
0 0.717969 0.295361 0.011458 0.009668
0 0.731119 0.297314 0.013021 0.010645
0 0.737272 0.290478 0.011914 0.008691
0 0.750390 0.292676 0.012239 0.009180
0 0.764226 0.288965 0.010221 0.007422
0 0.208659 0.900390 0.067058 0.181641
0 0.578450 0.939941 0.091797 0.120117
0 0.628255 0.664062 0.062500 0.072265
0 0.595378 0.631347 0.060547 0.071289
0 0.564844 0.612793 0.056771 0.055664
0 0.541015 0.586914 0.053385 0.048828
0 0.523112 0.560742 0.048828 0.046484
0 0.494922 0.545264 0.053646 0.044238
0 0.472689 0.525586 0.053450 0.056250
0 0.451725 0.512695 0.049284 0.042969
0 0.449414 0.491259 0.040756 0.029395
0 0.427995 0.479395 0.044792 0.039257
0 0.469987 0.464502 0.037760 0.030566
0 0.489291 0.475098 0.041081 0.036133
0 0.505860 0.489648 0.041667 0.030078
0 0.526693 0.500830 0.045573 0.046582
