0 0.508733 0.182886 0.040781 0.044876
0 0.333811 0.189044 0.034809 0.041667
0 0.302648 0.190586 0.053211 0.050926
0 0.469618 0.181559 0.036632 0.032871
0 0.435416 0.182870 0.037153 0.035494
0 0.405816 0.183642 0.044270 0.033950
0 0.429644 0.227624 0.045226 0.054013
0 0.398220 0.230710 0.054253 0.054012
0 0.361980 0.243056 0.081597 0.063271
0 0.477257 0.220525 0.031598 0.055864
0 0.518229 0.238426 0.038194 0.041666
0 0.555990 0.245370 0.052951 0.046297
0 0.601562 0.252315 0.076389 0.050926
0 0.636371 0.272377 0.062327 0.041667
0 0.625000 0.293210 0.093750 0.070988
0 0.614540 0.311728 0.073004 0.064815
0 0.565105 0.318673 0.074653 0.075617
0 0.502170 0.316358 0.068576 0.074074
0 0.344184 0.483797 0.091146 0.165123
0 0.520400 0.496991 0.084201 0.169599
0 0.623698 0.498457 0.085938 0.163580
0 0.717882 0.508487 0.121528 0.146605
0 0.805122 0.523919 0.099827 0.158951
0 0.935330 0.908179 0.129340 0.183642
0 0.797743 0.924382 0.166666 0.151235
0 0.638455 0.918210 0.148438 0.163580
0 0.424045 0.924382 0.153646 0.151235
0 0.098525 0.901234 0.197049 0.197531
0 0.669037 0.165802 0.027813 0.019445
0 0.650964 0.152030 0.015157 0.012021
0 0.673477 0.158665 0.031727 0.026960
