0 0.337083 0.431407 0.069167 0.024687
0 0.114167 0.786563 0.168333 0.073125
0 0.282500 0.744375 0.113334 0.062500
0 0.221250 0.844688 0.155834 0.068125
0 0.109583 0.893125 0.137500 0.092500
0 0.052083 0.754687 0.104167 0.074375
0 0.182916 0.713750 0.135833 0.063750
0 0.329167 0.667188 0.125000 0.063125
0 0.453750 0.676250 0.135834 0.051250
0 0.558750 0.688750 0.154166 0.051250
0 0.652916 0.644062 0.094167 0.050625
0 0.565000 0.589687 0.100000 0.050625
0 0.460000 0.584375 0.093334 0.047500
0 0.443333 0.629375 0.093333 0.060000
0 0.618334 0.559688 0.116667 0.034375
0 0.720834 0.540937 0.076667 0.048125
0 0.816250 0.535312 0.052500 0.048125
0 0.865417 0.517500 0.062500 0.053750
0 0.924584 0.502938 0.055833 0.037125
0 0.968750 0.487656 0.062500 0.036563
0 0.995000 0.465000 0.010000 0.022500
0 0.735833 0.497812 0.095000 0.043125
0 0.772917 0.483125 0.087500 0.032500
0 0.808417 0.471062 0.091500 0.032875
0 0.849042 0.460938 0.093583 0.030625
0 0.891667 0.447813 0.090000 0.034375
0 0.934000 0.439812 0.070666 0.030375
0 0.963625 0.430406 0.072750 0.030812
0 0.977250 0.412500 0.045500 0.017500
0 0.939458 0.409469 0.080417 0.026437
0 0.977083 0.363437 0.045833 0.026875
0 0.917917 0.378437 0.064167 0.028125
0 0.865000 0.396562 0.068334 0.030625
0 0.770417 0.427500 0.130833 0.053750
0 0.680000 0.436875 0.051666 0.026250
0 0.623333 0.454688 0.081667 0.031875
0 0.484166 0.538219 0.098333 0.066062
0 0.385416 0.545906 0.075833 0.045688
0 0.361667 0.510312 0.098333 0.030625
0 0.267500 0.520312 0.073334 0.038125
0 0.212583 0.498437 0.071833 0.039375
0 0.177542 0.483750 0.071750 0.030000
0 0.116250 0.467812 0.074166 0.029375
0 0.070834 0.454063 0.056667 0.028125
0 0.029875 0.439187 0.059250 0.029125
0 0.042084 0.403750 0.065833 0.025000
0 0.012792 0.422407 0.025583 0.027687
0 0.023750 0.373062 0.047500 0.024875
0 0.243750 0.330875 0.060834 0.021750
0 0.297500 0.315312 0.048334 0.023125
0 0.329209 0.318812 0.050083 0.020125
0 0.353916 0.302094 0.049833 0.016687
0 0.379167 0.341875 0.010000 0.015000
0 0.325416 0.343125 0.059167 0.022500
0 0.170000 0.337781 0.068334 0.025688
0 0.235083 0.323750 0.054500 0.022500
0 0.171833 0.439688 0.058000 0.029375
0 0.278334 0.469375 0.141667 0.070000
0 0.242875 0.438657 0.084084 0.039813
0 0.359584 0.446562 0.060833 0.033125
0 0.246208 0.416562 0.044750 0.013125
0 0.285667 0.419687 0.068000 0.018125
0 0.303000 0.430312 0.047000 0.018125
0 0.472083 0.483125 0.097500 0.031250
0 0.473750 0.506875 0.100834 0.035000
0 0.017084 0.691000 0.034167 0.042000
0 0.432083 0.805000 0.132500 0.073750
0 0.493333 0.826562 0.156667 0.080625
0 0.544166 0.857187 0.176667 0.091875
0 0.598750 0.888781 0.162500 0.093688
0 0.654166 0.933625 0.161667 0.091500
0 0.719167 0.964625 0.193333 0.070750
0 0.824584 0.989062 0.139167 0.021875
0 0.829166 0.874062 0.176667 0.075625
0 0.902000 0.913125 0.194000 0.082500
0 0.947083 0.942187 0.105833 0.081875
0 0.983750 0.981875 0.032500 0.036250
0 0.665000 0.782500 0.141666 0.067500
0 0.615833 0.751875 0.155000 0.067500
0 0.823084 0.705156 0.144667 0.078438
0 0.946959 0.723125 0.106083 0.058750
0 0.834583 0.670937 0.117500 0.049375
0 0.972916 0.559625 0.054167 0.031750
0 0.241667 0.978125 0.115000 0.043750
0 0.291666 0.583438 0.111667 0.041875
0 0.241667 0.570937 0.110000 0.043125
0 0.212875 0.559688 0.112416 0.038125
0 0.194792 0.542656 0.105083 0.034063
