0 0.844356 0.363637 0.104938 0.122257
0 0.734127 0.366771 0.133156 0.141066
0 0.489859 0.710031 0.327160 0.354232
0 0.152998 0.876959 0.305996 0.246082
0 0.923237 0.272336 0.049471 0.082289
0 0.955159 0.262775 0.035009 0.063793
0 0.970900 0.250157 0.026455 0.052038
0 0.991491 0.248433 0.017019 0.036050
0 0.993695 0.221709 0.012610 0.026489
0 0.766922 0.237649 0.053986 0.056866
0 0.944122 0.213190 0.044435 0.038197
0 0.784003 0.228048 0.071129 0.062617
0 0.810944 0.225643 0.047795 0.050157
0 0.820935 0.215573 0.073439 0.061677
0 0.846472 0.214177 0.040159 0.049388
0 0.857333 0.210980 0.040273 0.045000
0 0.892319 0.214577 0.049048 0.041066
0 0.919321 0.214780 0.041852 0.038181
0 0.043210 0.536050 0.086420 0.206896
0 0.156526 0.489812 0.099647 0.195924
0 0.268078 0.440438 0.109347 0.153605
0 0.358907 0.391066 0.111111 0.136364
0 0.445767 0.353448 0.122575 0.123825
0 0.516755 0.326802 0.111111 0.101881
0 0.573633 0.298590 0.115520 0.105015
0 0.667107 0.271160 0.115521 0.081504
0 0.703704 0.250783 0.089947 0.075235
0 0.732540 0.240596 0.085185 0.070533
0 0.902557 0.311912 0.060847 0.087774
0 0.969608 0.218880 0.035776 0.039201
