0 0.265121 0.467886 0.230758 0.062279
0 0.041731 0.705424 0.083462 0.229082
0 0.149808 0.653779 0.299615 0.278131
0 0.316481 0.615407 0.327038 0.244086
0 0.446539 0.584449 0.330769 0.232140
0 0.585384 0.577034 0.187693 0.161570
0 0.616154 0.557991 0.236154 0.154645
0 0.707461 0.552799 0.179693 0.133872
0 0.738962 0.535949 0.164923 0.112983
0 0.797327 0.536641 0.172270 0.116561
0 0.843250 0.526832 0.160424 0.103866
0 0.865711 0.515637 0.160115 0.091633
0 0.889750 0.505482 0.158962 0.096942
0 0.950385 0.507790 0.043846 0.046162
0 0.783769 0.466417 0.048846 0.025735
0 0.707308 0.468552 0.023846 0.019619
0 0.108990 0.505629 0.114104 0.039174
0 0.216670 0.495320 0.127269 0.029902
0 0.459835 0.457498 0.097646 0.035551
0 0.041600 0.488687 0.083200 0.058413
0 0.217785 0.452741 0.068754 0.034842
0 0.192092 0.470162 0.031269 0.017553
0 0.118010 0.466549 0.147235 0.060243
0 0.685222 0.471128 0.058627 0.022544
0 0.608561 0.466651 0.127707 0.036543
0 0.593533 0.478336 0.077458 0.016463
0 0.535273 0.478667 0.068900 0.011852
0 0.407455 0.465332 0.059465 0.008228
0 0.477565 0.483439 0.069339 0.026012
