0 0.303906 0.174306 0.050000 0.087500
0 0.335546 0.111111 0.044531 0.058334
0 0.276172 0.061805 0.055468 0.045833
0 0.344140 0.040278 0.057031 0.047222
0 0.383203 0.075000 0.041406 0.063888
0 0.419141 0.080556 0.036719 0.055555
0 0.459765 0.070833 0.032031 0.050000
0 0.498828 0.059028 0.033594 0.043056
0 0.577344 0.059028 0.031250 0.037500
0 0.623047 0.066667 0.032031 0.058333
0 0.656640 0.059027 0.030469 0.045833
0 0.731250 0.097917 0.039062 0.062500
0 0.758594 0.175000 0.042187 0.077778
0 0.787891 0.254862 0.055469 0.126389
0 0.906250 0.329861 0.060938 0.131944
0 0.957812 0.475000 0.076563 0.141666
0 0.933593 0.642361 0.059375 0.190278
0 0.987109 0.637500 0.025781 0.136112
0 0.862110 0.233334 0.049219 0.088889
0 0.826562 0.159027 0.046875 0.079167
0 0.822656 0.079862 0.053125 0.048611
0 0.719922 0.029861 0.060156 0.048611
0 0.652343 0.021528 0.059375 0.037500
0 0.476172 0.014583 0.049219 0.029167
0 0.092969 0.050695 0.023438 0.034723
0 0.116797 0.015278 0.022656 0.030556
0 0.013242 0.167291 0.018672 0.020695
0 0.008984 0.197916 0.017969 0.026389
0 0.006250 0.220833 0.012500 0.025000
0 0.009609 0.183138 0.019219 0.014861
0 0.160547 0.631945 0.099219 0.172223
0 0.175781 0.502084 0.071875 0.154167
0 0.225000 0.356250 0.062500 0.134722
0 0.119140 0.975000 0.113281 0.050000
0 0.025390 0.879861 0.050781 0.231944
0 0.012500 0.636111 0.025000 0.091666
0 0.023047 0.563889 0.046094 0.080556
0 0.039453 0.490973 0.066406 0.076389
0 0.067578 0.420139 0.063282 0.070834
0 0.094922 0.367361 0.069532 0.062500
0 0.112500 0.315972 0.064062 0.056944
0 0.182422 0.245833 0.055468 0.102778
0 0.221875 0.171528 0.046875 0.093056
0 0.259765 0.122917 0.042969 0.065278
0 0.814844 0.756250 0.104688 0.245834
0 0.709375 0.755556 0.125000 0.230555
0 0.596094 0.759722 0.150000 0.236111
0 0.497657 0.711111 0.132813 0.197222
0 0.421484 0.659028 0.128907 0.193056
0 0.319141 0.647222 0.128906 0.180556
0 0.230469 0.636806 0.129687 0.190277
0 0.267969 0.252084 0.057812 0.118055
