0 0.752500 0.680000 0.185000 0.196666
0 0.034537 0.031866 0.028875 0.034333
0 0.070000 0.030000 0.030000 0.036666
0 0.024125 0.088583 0.025750 0.039500
0 0.061875 0.086667 0.046250 0.043333
0 0.175625 0.031667 0.046250 0.036667
0 0.216250 0.032500 0.045000 0.038334
0 0.306875 0.026667 0.048750 0.033333
0 0.350625 0.031667 0.046250 0.046667
0 0.414375 0.036667 0.046250 0.043333
0 0.447500 0.044166 0.055000 0.041667
0 0.538750 0.063333 0.082500 0.050000
0 0.648125 0.038333 0.048750 0.040000
0 0.702500 0.039166 0.040000 0.041667
0 0.260000 0.032500 0.057500 0.045000
0 0.182500 0.062500 0.072500 0.038334
0 0.110625 0.090834 0.038750 0.041667
0 0.168750 0.091667 0.047500 0.050000
0 0.218125 0.090833 0.046250 0.058333
0 0.305625 0.056667 0.086250 0.050000
0 0.285625 0.096667 0.046250 0.053333
0 0.388750 0.087500 0.060000 0.058334
0 0.451250 0.092500 0.055000 0.055000
0 0.516250 0.092500 0.062500 0.055000
0 0.585000 0.095000 0.042500 0.056666
0 0.679375 0.070000 0.096250 0.046666
0 0.821875 0.075000 0.096250 0.046666
0 0.963750 0.065000 0.072500 0.046666
0 0.975000 0.095833 0.050000 0.048333
0 0.963750 0.135833 0.062500 0.071667
0 0.718750 0.112500 0.077500 0.031666
0 0.761250 0.138333 0.090000 0.056667
0 0.735000 0.158334 0.107500 0.063333
0 0.706250 0.175000 0.100000 0.073334
0 0.672500 0.202500 0.135000 0.075000
0 0.941250 0.213333 0.080000 0.080000
0 0.648125 0.220000 0.096250 0.076666
0 0.608750 0.250833 0.137500 0.091667
0 0.913750 0.266666 0.087500 0.093333
0 0.863125 0.329167 0.083750 0.101667
0 0.954375 0.483333 0.091250 0.140000
0 0.848125 0.450000 0.131250 0.153334
0 0.553750 0.314167 0.137500 0.095000
0 0.507500 0.355834 0.172500 0.108333
0 0.451875 0.395833 0.166250 0.115000
0 0.405000 0.468334 0.190000 0.143333
0 0.321250 0.540000 0.175000 0.166666
0 0.639375 0.890834 0.233750 0.218333
