0 0.304883 0.526450 0.050391 0.043799
0 0.332082 0.501093 0.020492 0.009431
0 0.471580 0.495785 0.028434 0.011912
0 0.482961 0.505987 0.044711 0.026661
0 0.553430 0.505751 0.046492 0.025244
0 0.352381 0.501985 0.043058 0.014721
0 0.378916 0.508635 0.031394 0.022082
0 0.391456 0.509486 0.030621 0.015853
0 0.447879 0.509414 0.038297 0.020524
0 0.490017 0.512671 0.030035 0.018823
0 0.557500 0.515927 0.053828 0.020478
0 0.767617 0.496957 0.039922 0.022355
0 0.593789 0.510381 0.036172 0.035552
0 0.633008 0.513367 0.071484 0.036973
0 0.721318 0.532227 0.113793 0.048708
0 0.773672 0.514505 0.062968 0.044938
0 0.872461 0.526450 0.100390 0.052901
0 0.229961 0.512798 0.035703 0.025597
0 0.245645 0.513652 0.031133 0.027304
0 0.264258 0.516781 0.041016 0.032423
0 0.920508 0.674346 0.158984 0.214448
0 0.754102 0.623151 0.201172 0.168942
0 0.593554 0.601252 0.150391 0.136519
0 0.180859 0.576792 0.166406 0.098976
0 0.024609 0.640216 0.049219 0.173492
0 0.537304 0.571673 0.108203 0.095563
0 0.455859 0.565785 0.108594 0.092548
0 0.403711 0.553755 0.080860 0.072241
0 0.371875 0.546928 0.057032 0.063140
0 0.037109 0.587600 0.074219 0.096701
0 0.047266 0.562002 0.094531 0.062571
0 0.045899 0.543373 0.091797 0.038965
0 0.047558 0.537181 0.095117 0.041791
0 0.096639 0.536155 0.030363 0.041786
0 0.067351 0.513871 0.055399 0.007640
0 0.064580 0.511807 0.051464 0.011769
0 0.066071 0.508382 0.050867 0.008971
0 0.105469 0.515358 0.026562 0.027304
0 0.137109 0.515074 0.031250 0.025598
0 0.170507 0.513367 0.029297 0.023322
0 0.327734 0.532992 0.067187 0.048920
0 0.279463 0.526075 0.045926 0.041160
