0 0.799740 0.309169 0.053645 0.069749
0 0.749479 0.296630 0.046875 0.063480
0 0.869011 0.266458 0.095313 0.070533
0 0.905208 0.250392 0.073958 0.061912
0 0.928646 0.233150 0.093750 0.074451
0 0.335156 0.085031 0.075521 0.046238
0 0.363098 0.073083 0.069625 0.046873
0 0.331771 0.042320 0.061458 0.047022
0 0.522083 0.029537 0.062198 0.039405
0 0.064844 0.808385 0.129688 0.093261
0 0.138021 0.949844 0.123958 0.100313
0 0.023177 0.735502 0.046354 0.069749
0 0.134375 0.762931 0.138542 0.093260
0 0.067969 0.627743 0.135937 0.144200
0 0.212761 0.719436 0.129687 0.092477
0 0.341667 0.783307 0.132292 0.118338
0 0.280990 0.678292 0.135937 0.082289
0 0.373698 0.627351 0.108854 0.091692
0 0.436458 0.646159 0.096875 0.080721
0 0.485677 0.674373 0.108854 0.086990
0 0.536458 0.701410 0.114583 0.092477
0 0.590625 0.737853 0.113542 0.096395
0 0.681250 0.755877 0.118750 0.112069
0 0.777604 0.793496 0.117708 0.102665
0 0.741667 0.891849 0.143750 0.111285
0 0.889323 0.850706 0.128646 0.138715
0 0.949739 0.896159 0.100521 0.107367
0 0.996614 0.940047 0.006771 0.044670
0 0.712761 0.536834 0.105729 0.087774
0 0.781510 0.562696 0.113021 0.097178
0 0.838542 0.586991 0.105209 0.098746
0 0.896615 0.608151 0.108855 0.109717
0 0.954166 0.652429 0.091667 0.108935
0 0.991927 0.685736 0.016146 0.061129
0 0.405469 0.451802 0.090104 0.079153
0 0.300521 0.364028 0.055208 0.108934
0 0.530469 0.421631 0.080729 0.090909
0 0.678125 0.379702 0.050000 0.074452
0 0.465104 0.289577 0.044792 0.058778
0 0.353125 0.342869 0.057292 0.082289
0 0.377343 0.252743 0.045313 0.061912
0 0.298438 0.216693 0.055209 0.072884
0 0.462943 0.192790 0.057448 0.062696
0 0.420833 0.183386 0.044791 0.056427
0 0.348959 0.156740 0.059375 0.054859
0 0.311823 0.146552 0.045521 0.047022
0 0.277604 0.134404 0.051042 0.046239
0 0.241719 0.124216 0.061562 0.050941
0 0.101823 0.068573 0.061979 0.049373
0 0.024479 0.130878 0.048958 0.026646
0 0.963802 0.523903 0.072396 0.107367
0 0.979167 0.367163 0.041667 0.080721
