0 0.554167 0.154919 0.096667 0.063142
0 0.662500 0.806902 0.378334 0.377386
0 0.933333 0.906755 0.125000 0.177680
0 0.384166 0.602790 0.291667 0.309838
0 0.324583 0.453010 0.237500 0.251101
0 0.233333 0.363436 0.165000 0.154185
0 0.213750 0.301762 0.174166 0.171806
0 0.178771 0.272930 0.092742 0.086652
0 0.120833 0.240822 0.055000 0.102790
0 0.055000 0.276799 0.041666 0.080764
0 0.205000 0.207048 0.066666 0.073421
0 0.409583 0.173274 0.105833 0.079295
0 0.719583 0.290015 0.137500 0.139501
0 0.889166 0.387665 0.123333 0.164464
0 0.635417 0.257709 0.110833 0.116006
0 0.572500 0.231278 0.098334 0.101321
0 0.955834 0.324523 0.076667 0.123348
0 0.877500 0.279736 0.085000 0.095448
0 0.812917 0.251835 0.087500 0.110133
0 0.711667 0.207783 0.115000 0.069016
0 0.630834 0.178414 0.081667 0.054332
0 0.462917 0.129956 0.055833 0.057268
0 0.324167 0.145374 0.085000 0.073421
0 0.526667 0.127019 0.055000 0.060206
0 0.596666 0.129956 0.043333 0.054332
0 0.655000 0.134361 0.048334 0.066079
0 0.712500 0.149045 0.048334 0.063143
0 0.777084 0.154919 0.039167 0.069016
0 0.833333 0.171806 0.040000 0.064611
0 0.880416 0.178414 0.054167 0.074890
0 0.963750 0.194567 0.052500 0.080764
0 0.282500 0.126285 0.050000 0.049926
0 0.247084 0.127753 0.035833 0.046990
0 0.226250 0.131424 0.034166 0.042585
0 0.073750 0.198238 0.037500 0.058737
0 0.056250 0.190895 0.024166 0.052863
0 0.191638 0.131725 0.047275 0.038487
0 0.169079 0.133715 0.033842 0.040352
0 0.145283 0.135903 0.034300 0.038766
0 0.133866 0.135903 0.034733 0.041234
0 0.064375 0.144861 0.037916 0.031277
0 0.037000 0.147210 0.021000 0.033040
