0 0.962500 0.347597 0.075000 0.076202
0 0.494140 0.111958 0.049219 0.055100
0 0.594140 0.070340 0.047657 0.049238
0 0.566797 0.038101 0.050781 0.055100
0 0.417969 0.021688 0.035937 0.043376
0 0.787110 0.251466 0.082031 0.071513
0 0.917188 0.392732 0.103125 0.096131
0 0.694921 0.236225 0.067969 0.078546
0 0.743750 0.362837 0.087500 0.097304
0 0.977344 0.855803 0.045312 0.126612
0 0.898047 0.713364 0.117968 0.151231
0 0.816407 0.596718 0.101563 0.131301
0 0.754687 0.501758 0.093750 0.131301
0 0.680859 0.410903 0.080469 0.090270
0 0.623437 0.331184 0.074999 0.083236
0 0.578515 0.262016 0.061719 0.078547
0 0.312890 0.218054 0.110157 0.042204
0 0.420703 0.242087 0.092968 0.071512
0 0.475000 0.254396 0.104688 0.056272
0 0.314843 0.954279 0.196875 0.091442
0 0.862891 0.978312 0.169531 0.043376
0 0.778125 0.859906 0.182812 0.127784
0 0.292187 0.864596 0.196875 0.144197
0 0.432031 0.752638 0.100000 0.175850
0 0.183984 0.317702 0.124219 0.077374
0 0.739844 0.757327 0.182812 0.124268
0 0.267969 0.760844 0.193750 0.138336
0 0.259375 0.666471 0.162500 0.090270
0 0.692969 0.695779 0.160938 0.090269
0 0.666016 0.628956 0.152344 0.092615
0 0.622266 0.566823 0.135156 0.099648
0 0.220313 0.634818 0.149999 0.099648
0 0.600391 0.511723 0.152343 0.083235
0 0.211719 0.343494 0.117188 0.051583
0 0.177031 0.277726 0.122500 0.065416
0 0.174610 0.238570 0.116407 0.071512
0 0.296094 0.250293 0.106250 0.062134
0 0.319140 0.330012 0.060157 0.113716
0 0.336718 0.420868 0.067187 0.096131
0 0.357812 0.525205 0.082813 0.140680
0 0.473438 0.293083 0.117187 0.067995
0 0.565234 0.437866 0.132031 0.106683
0 0.548438 0.399180 0.125000 0.073857
0 0.532422 0.358148 0.108594 0.066823
0 0.491406 0.339390 0.112500 0.069167
0 0.212110 0.381595 0.132031 0.066823
0 0.216406 0.414420 0.126562 0.055100
0 0.220703 0.460727 0.149218 0.077374
0 0.212891 0.509965 0.144531 0.070340
0 0.231250 0.567409 0.151562 0.084408
0 0.409848 0.083066 0.062899 0.039332
0 0.419316 0.104250 0.062571 0.031454
0 0.429714 0.125182 0.078289 0.045932
0 0.409656 0.155598 0.016203 0.026858
0 0.476562 0.165299 0.018751 0.049238
0 0.642578 0.037515 0.077344 0.056272
0 0.648829 0.056272 0.061719 0.046894
0 0.674609 0.069168 0.074219 0.049238
0 0.692578 0.082064 0.077344 0.046893
0 0.696484 0.104924 0.067969 0.048066
0 0.726954 0.118992 0.080469 0.052755
0 0.747656 0.137749 0.085937 0.062134
0 0.771094 0.166471 0.056250 0.049238
0 0.806641 0.184056 0.091406 0.056272
0 0.834766 0.207503 0.096093 0.060962
0 0.848047 0.233294 0.074219 0.058617
0 0.875390 0.254983 0.085157 0.064479
0 0.909766 0.284877 0.110156 0.079718
0 0.954297 0.304807 0.091406 0.070340
0 0.984765 0.392146 0.030469 0.059789
