0 0.275261 0.680718 0.360937 0.221702
0 0.664844 0.297423 0.076562 0.054645
0 0.439063 0.269711 0.056249 0.053864
0 0.388281 0.270882 0.109896 0.068696
0 0.948091 0.361784 0.103818 0.050062
0 0.820572 0.302888 0.086979 0.060890
0 0.902344 0.399687 0.195312 0.115535
0 0.789062 0.362997 0.121875 0.079625
0 0.726562 0.320843 0.133333 0.073380
0 0.604167 0.314988 0.084375 0.067916
0 0.517448 0.330991 0.139062 0.073380
0 0.392968 0.355972 0.164063 0.082748
0 0.872396 0.428181 0.142708 0.099142
0 0.973177 0.491023 0.053646 0.084309
0 0.828645 0.449259 0.159375 0.100703
0 0.777604 0.477361 0.155208 0.113193
0 0.702604 0.501171 0.170833 0.123342
0 0.623177 0.535129 0.182812 0.142857
0 0.539583 0.571039 0.200000 0.156909
0 0.441667 0.608509 0.230209 0.169398
0 0.188542 0.439890 0.184375 0.125683
