0 0.776775 0.841111 0.174488 0.277778
0 0.380866 0.122777 0.176895 0.058889
0 0.132388 0.055361 0.157003 0.077122
0 0.058310 0.158717 0.116619 0.083522
0 0.696504 0.374922 0.089832 0.129022
0 0.691335 0.265555 0.104693 0.115555
0 0.917569 0.206666 0.099880 0.088889
0 0.365824 0.171666 0.192539 0.078889
0 0.327918 0.258889 0.210590 0.082222
0 0.307461 0.328334 0.241878 0.098889
0 0.255114 0.385000 0.279182 0.072222
0 0.240673 0.454444 0.322503 0.126667
0 0.196751 0.530555 0.290012 0.116667
0 0.160048 0.624445 0.308062 0.111111
0 0.149218 0.726666 0.298436 0.126667
0 0.105295 0.846666 0.210590 0.151111
0 0.058965 0.961666 0.117930 0.076667
0 0.728544 0.608545 0.137738 0.184689
