0 0.148071 0.009385 0.098018 0.018770
0 0.248989 0.938530 0.320333 0.122941
0 0.366168 0.884265 0.292044 0.215162
0 0.019813 0.547967 0.039625 0.078207
0 0.071429 0.461940 0.142857 0.158499
0 0.145985 0.400938 0.271115 0.199165
0 0.257039 0.356100 0.222107 0.151199
0 0.342544 0.311261 0.230449 0.159541
0 0.429092 0.277373 0.217935 0.120959
0 0.517726 0.240354 0.220021 0.134515
0 0.014599 0.324296 0.029197 0.079249
0 0.061001 0.255474 0.122002 0.116789
0 0.108967 0.221585 0.217935 0.115746
0 0.219500 0.193274 0.217935 0.124400
0 0.309176 0.157456 0.209593 0.116788
0 0.386861 0.116788 0.221063 0.110532
0 0.465589 0.090719 0.194995 0.123045
0 0.040146 0.029718 0.080292 0.059437
0 0.325339 0.692388 0.298228 0.208550
0 0.504692 0.825860 0.323253 0.204380
0 0.601668 0.744525 0.287799 0.189781
0 0.610532 0.960897 0.251304 0.078206
0 0.820647 0.939520 0.298227 0.120959
0 0.875391 0.882169 0.249218 0.235662
0 0.938478 0.779458 0.123045 0.109489
0 0.962461 0.691866 0.075078 0.086549
0 0.697080 0.678311 0.297185 0.178311
0 0.562565 0.532326 0.263816 0.201251
0 0.803963 0.618873 0.266945 0.142857
0 0.877476 0.568300 0.245047 0.154327
0 0.899374 0.442649 0.201251 0.194995
0 0.842023 0.281544 0.315954 0.175183
0 0.888425 0.156935 0.223149 0.109489
