0 0.217187 0.618556 0.244375 0.314901
0 0.119063 0.886130 0.238125 0.227741
0 0.485938 0.860356 0.348125 0.279288
0 0.535312 0.564199 0.293125 0.309278
0 0.842812 0.831303 0.314375 0.331771
0 0.769375 0.534208 0.275000 0.273664
0 0.927812 0.502343 0.144375 0.251172
0 0.142500 0.333646 0.181250 0.253046
0 0.446250 0.311153 0.185000 0.219306
0 0.688125 0.289128 0.210000 0.203374
0 0.850625 0.269916 0.213750 0.198688
0 0.954063 0.261950 0.091875 0.154639
0 0.038437 0.238519 0.076875 0.147142
0 0.173125 0.228679 0.146250 0.151827
0 0.319063 0.224461 0.139375 0.158388
0 0.464062 0.212746 0.145625 0.146204
0 0.599063 0.207123 0.144375 0.146204
0 0.739688 0.166354 0.143125 0.109653
0 0.867812 0.170571 0.119375 0.088097
0 0.950313 0.147141 0.099375 0.089971
0 0.344062 0.134021 0.216875 0.099344
0 0.040313 0.164011 0.080625 0.071228
0 0.058125 0.118088 0.108750 0.114340
0 0.177187 0.113871 0.108125 0.111527
0 0.031563 0.067011 0.063125 0.070291
0 0.127812 0.076382 0.076875 0.096533
0 0.035937 0.028116 0.071875 0.056232
0 0.120938 0.024368 0.084375 0.048735
0 0.075553 0.014049 0.010768 0.028097
0 0.209063 0.026242 0.080625 0.052484
0 0.236250 0.071696 0.080000 0.087160
0 0.287813 0.024368 0.081875 0.048735
0 0.372812 0.019213 0.089375 0.038425
0 0.460625 0.018744 0.083750 0.037488
0 0.548750 0.010309 0.090000 0.020619
0 0.635625 0.011246 0.086250 0.022493
0 0.285625 0.095127 0.090000 0.083411
0 0.342813 0.052015 0.083125 0.060918
0 0.412500 0.093252 0.105000 0.085286
0 0.516250 0.096533 0.121250 0.112465
0 0.433438 0.049203 0.085625 0.068416
0 0.619687 0.084349 0.134375 0.119963
0 0.533438 0.038426 0.069375 0.050609
0 0.713656 0.075445 0.118937 0.085286
0 0.636250 0.030459 0.073750 0.040300
0 0.720625 0.025774 0.087500 0.036551
0 0.802500 0.079662 0.113750 0.095595
0 0.815312 0.020619 0.094375 0.041237
0 0.751250 0.012183 0.057500 0.024367
0 0.886000 0.078725 0.118000 0.097469
0 0.949375 0.061387 0.101250 0.081537
0 0.899062 0.014996 0.070625 0.029991
0 0.968438 0.016401 0.063125 0.032802
0 0.991563 0.043580 0.016875 0.034676
