0 0.250000 0.796875 0.500000 0.406250
0 0.258333 0.653750 0.468333 0.267500
0 0.270000 0.594375 0.540000 0.296250
0 0.429583 0.526875 0.377500 0.316250
0 0.627500 0.490000 0.086666 0.207500
0 0.554584 0.425625 0.334167 0.216250
0 0.797500 0.833750 0.405000 0.332500
0 0.780833 0.731250 0.438333 0.325000
0 0.810416 0.595000 0.379167 0.202500
0 0.848750 0.470000 0.302500 0.182500
0 0.950833 0.383750 0.098333 0.025000
0 0.671666 0.361250 0.268333 0.152500
0 0.909583 0.348750 0.180833 0.070000
0 0.944167 0.305625 0.111667 0.028750
0 0.611667 0.299375 0.411667 0.141250
0 0.745417 0.276875 0.257500 0.156250
0 0.860417 0.271875 0.055833 0.088750
0 0.786250 0.237500 0.250834 0.135000
0 0.974584 0.253125 0.050833 0.078750
0 0.792795 0.211800 0.372625 0.176500
0 0.893025 0.164757 0.213950 0.103263
0 0.883754 0.108594 0.128575 0.024013
0 0.863850 0.110488 0.272300 0.084225
0 0.858267 0.089938 0.141850 0.064075
0 0.947000 0.048625 0.106000 0.057200
0 0.976071 0.010781 0.047858 0.021562
0 0.984729 0.010900 0.030542 0.021650
0 0.016250 0.270000 0.032500 0.092500
0 0.045833 0.221875 0.091667 0.128750
0 0.074583 0.170625 0.149167 0.163750
0 0.105833 0.167500 0.163333 0.140000
0 0.152083 0.149375 0.269167 0.176250
0 0.251667 0.136250 0.166667 0.132500
0 0.023750 0.063750 0.047500 0.050000
0 0.050833 0.045000 0.101667 0.040000
0 0.117083 0.039375 0.135833 0.048750
0 0.263333 0.118125 0.206667 0.128750
0 0.297083 0.104375 0.192500 0.121250
0 0.315416 0.088750 0.210833 0.122500
0 0.395834 0.090625 0.141667 0.106250
0 0.396666 0.073125 0.211667 0.121250
0 0.402500 0.055625 0.246666 0.111250
0 0.486667 0.049375 0.115000 0.098750
0 0.536667 0.035000 0.046667 0.070000
0 0.586666 0.044375 0.126667 0.088750
0 0.632083 0.034375 0.092500 0.068750
0 0.665000 0.024375 0.050000 0.048750
0 0.688750 0.023125 0.055834 0.046250
0 0.716250 0.018750 0.024166 0.037500
0 0.740833 0.011250 0.031667 0.022500
0 0.168333 0.026875 0.120000 0.053750
0 0.246250 0.013750 0.110834 0.027500
0 0.034584 0.012500 0.069167 0.025000
