0 0.851888 0.751157 0.277994 0.321759
0 0.691080 0.655092 0.224609 0.263889
0 0.550781 0.609375 0.161458 0.223380
0 0.316732 0.656250 0.172526 0.229166
0 0.245443 0.619792 0.169271 0.197917
0 0.150716 0.622107 0.142578 0.186343
0 0.091797 0.380787 0.079427 0.104166
0 0.154948 0.358217 0.098958 0.126157
0 0.179362 0.381366 0.102214 0.109954
0 0.218295 0.383854 0.092565 0.109144
0 0.269476 0.387697 0.102584 0.121968
0 0.341471 0.383101 0.108724 0.138889
0 0.416666 0.387153 0.104167 0.144676
0 0.490235 0.395834 0.114583 0.150463
0 0.743489 0.438657 0.117187 0.187500
0 0.643555 0.428241 0.116537 0.173611
0 0.575846 0.402199 0.124349 0.163194
0 0.961263 0.490741 0.077474 0.196759
0 0.613607 0.227431 0.078776 0.093750
0 0.779622 0.098379 0.108724 0.071759
0 0.815105 0.039351 0.045573 0.060185
0 0.923828 0.042245 0.052084 0.072917
0 0.869467 0.011574 0.090495 0.023148
