0 0.340263 0.865146 0.212475 0.232506
0 0.765720 0.767936 0.196248 0.198406
0 0.612069 0.590345 0.147566 0.180691
0 0.515340 0.453941 0.146805 0.173605
0 0.410624 0.321966 0.123479 0.157661
0 0.388945 0.222321 0.160243 0.119575
0 0.260142 0.067538 0.133368 0.135075
0 0.154538 0.018600 0.079869 0.037201
0 0.412272 0.093003 0.184584 0.141719
0 0.606237 0.088574 0.174949 0.110718
0 0.933190 0.142604 0.125507 0.109832
0 0.887678 0.059123 0.161765 0.118246
0 0.286638 0.739814 0.228448 0.226306
0 0.241252 0.657883 0.189909 0.174048
0 0.187881 0.555358 0.193205 0.212577
0 0.143383 0.484057 0.157455 0.161205
0 0.119042 0.420284 0.183317 0.133747
0 0.082023 0.356953 0.164047 0.149690
0 0.065289 0.288308 0.130578 0.137290
0 0.048175 0.198848 0.096349 0.079717
0 0.036004 0.150798 0.072008 0.033215
0 0.012171 0.118247 0.024341 0.038973
0 0.991126 0.808902 0.017748 0.098760
