0 0.090625 0.445555 0.161250 0.144445
0 0.659375 0.456667 0.203750 0.157778
0 0.874375 0.450000 0.153750 0.148888
0 0.011875 0.280000 0.023750 0.048888
0 0.028125 0.310000 0.056250 0.104444
0 0.069375 0.291111 0.071250 0.111111
0 0.122500 0.286667 0.082500 0.111111
0 0.018125 0.242222 0.036250 0.035556
0 0.046250 0.241111 0.042500 0.046666
0 0.081250 0.232222 0.055000 0.055556
0 0.123750 0.222222 0.047500 0.053333
0 0.176875 0.211111 0.063750 0.053334
0 0.237500 0.205556 0.055000 0.064445
0 0.189375 0.268889 0.078750 0.124444
0 0.258750 0.264444 0.080000 0.111111
0 0.291875 0.202222 0.056250 0.071111
0 0.328750 0.264444 0.077500 0.120000
0 0.348125 0.190000 0.061250 0.060000
0 0.405625 0.258888 0.058750 0.108889
0 0.415625 0.188889 0.041250 0.053334
0 0.498750 0.265555 0.065000 0.113333
0 0.487500 0.198889 0.052500 0.068889
0 0.575000 0.257778 0.070000 0.115556
0 0.548125 0.204444 0.058750 0.080000
0 0.655000 0.272222 0.077500 0.122222
0 0.610000 0.210000 0.060000 0.077778
0 0.671250 0.211111 0.070000 0.075556
0 0.725000 0.288888 0.087500 0.111111
0 0.788125 0.298889 0.068750 0.104444
0 0.729375 0.230000 0.053750 0.064444
0 0.835625 0.298889 0.078750 0.113334
0 0.805000 0.236667 0.062500 0.033333
0 0.888125 0.320000 0.063750 0.102222
0 0.925625 0.335556 0.061250 0.097777
0 0.966250 0.348888 0.060000 0.088889
0 0.915625 0.276666 0.058750 0.051111
0 0.949375 0.284222 0.031250 0.035111
0 0.976250 0.341111 0.047500 0.095556
0 0.982500 0.304445 0.035000 0.053333
0 0.990625 0.274444 0.018750 0.033333
0 0.011250 0.196667 0.022500 0.051111
0 0.024375 0.192222 0.036250 0.055556
0 0.046875 0.184445 0.033750 0.053333
0 0.081250 0.168889 0.040000 0.053334
0 0.145625 0.134444 0.038750 0.042223
0 0.180000 0.156666 0.042500 0.055555
0 0.178125 0.123333 0.031250 0.037778
0 0.203750 0.115556 0.030000 0.035555
0 0.230625 0.111112 0.036250 0.031111
0 0.220000 0.148889 0.042500 0.057778
0 0.264375 0.142222 0.046250 0.057778
0 0.260000 0.110000 0.027500 0.028888
0 0.311875 0.136666 0.043750 0.055555
0 0.335000 0.098889 0.035000 0.042222
0 0.372500 0.133333 0.040000 0.053333
0 0.373750 0.094445 0.030000 0.033333
0 0.410625 0.094444 0.028750 0.046667
0 0.426875 0.127778 0.023750 0.055556
0 0.489375 0.136666 0.038750 0.055555
0 0.485000 0.092222 0.027500 0.033333
0 0.516875 0.088889 0.036250 0.071111
0 0.543125 0.140000 0.036250 0.053334
0 0.588750 0.107777 0.035000 0.046667
0 0.654375 0.122222 0.038750 0.044444
0 0.688125 0.128889 0.033750 0.044444
0 0.723125 0.167778 0.053750 0.060000
0 0.758750 0.176667 0.045000 0.055555
0 0.791250 0.187778 0.042500 0.055556
0 0.825000 0.194445 0.050000 0.064445
0 0.860000 0.213334 0.042500 0.053333
0 0.900625 0.224444 0.043750 0.048889
0 0.913750 0.221111 0.040000 0.055556
0 0.883750 0.188889 0.025000 0.022222
0 0.824375 0.168888 0.038750 0.031111
0 0.778125 0.151111 0.031250 0.022222
0 0.746875 0.138889 0.038750 0.037778
