0 0.619011 0.107408 0.074479 0.037037
0 0.527604 0.099537 0.110416 0.058334
0 0.627604 0.164352 0.143750 0.106482
0 0.009578 0.092005 0.019156 0.016343
0 0.037761 0.071297 0.075521 0.138889
0 0.141927 0.062500 0.113020 0.086112
0 0.231250 0.087037 0.100000 0.096296
0 0.313281 0.069213 0.107813 0.077314
0 0.396093 0.058333 0.105729 0.072222
0 0.464193 0.052777 0.101302 0.085185
0 0.572396 0.052315 0.106250 0.069444
0 0.653385 0.061574 0.086979 0.058334
0 0.758854 0.063889 0.112500 0.070370
0 0.459115 0.112500 0.053646 0.037962
0 0.723697 0.160185 0.124479 0.100000
0 0.820052 0.159259 0.126562 0.105556
0 0.907552 0.142129 0.141146 0.091667
0 0.966406 0.139352 0.067187 0.106482
0 0.986146 0.066435 0.027708 0.038426
0 0.928385 0.087037 0.082813 0.040740
0 0.849479 0.097223 0.090625 0.035185
0 0.761458 0.096297 0.062500 0.035185
0 0.688542 0.100000 0.100000 0.048148
0 0.305469 0.763889 0.378646 0.472222
0 0.792448 0.774537 0.415104 0.450926
0 0.927604 0.599074 0.144792 0.244444
0 0.108594 0.360185 0.217188 0.296296
0 0.315104 0.368055 0.252084 0.217593
0 0.492188 0.352778 0.188541 0.196296
0 0.657031 0.328241 0.211979 0.219444
0 0.793489 0.308796 0.181771 0.197222
0 0.904166 0.288426 0.191667 0.200926
0 0.960677 0.224074 0.078646 0.072222
0 0.047656 0.157037 0.095312 0.111852
0 0.151562 0.147685 0.153125 0.141667
0 0.310417 0.184722 0.169792 0.152778
0 0.439063 0.177314 0.161459 0.165741
0 0.545313 0.188426 0.134375 0.123148
