0 0.273437 0.895985 0.200000 0.208029
0 0.523047 0.810219 0.283594 0.379562
0 0.650782 0.684306 0.253125 0.343065
0 0.738281 0.551095 0.207812 0.273722
0 0.062891 0.729015 0.125781 0.312043
0 0.548437 0.366789 0.137501 0.153285
0 0.353515 0.541971 0.183593 0.229927
0 0.292188 0.501825 0.168750 0.204380
0 0.479610 0.327828 0.135047 0.174708
0 0.653516 0.291971 0.097656 0.127737
0 0.601172 0.254562 0.097656 0.118614
0 0.689844 0.218066 0.078125 0.096715
0 0.739453 0.249088 0.071094 0.096715
0 0.791016 0.468066 0.183593 0.177007
0 0.846875 0.426095 0.154688 0.177008
0 0.873828 0.378649 0.133594 0.136861
0 0.898047 0.345803 0.091406 0.107664
0 0.913750 0.324817 0.088124 0.102189
0 0.813672 0.216241 0.053906 0.074818
0 0.762109 0.197993 0.057031 0.067518
0 0.806250 0.167883 0.045312 0.040146
0 0.842969 0.180657 0.031250 0.047446
0 0.858203 0.199818 0.035156 0.063869
0 0.888672 0.202554 0.027344 0.054745
0 0.869141 0.176095 0.017969 0.023722
0 0.887109 0.169708 0.021093 0.018248
0 0.920703 0.198906 0.028906 0.051095
0 0.937109 0.311132 0.052344 0.085767
0 0.948438 0.304744 0.048437 0.083941
0 0.934375 0.271898 0.084374 0.076642
0 0.966617 0.270894 0.026250 0.060036
0 0.949594 0.248303 0.058438 0.053102
0 0.953344 0.231424 0.053281 0.033211
0 0.101562 0.968066 0.085937 0.063869
