0 0.995295 0.778800 0.009410 0.153500
0 0.919438 0.147000 0.067978 0.056500
0 0.928370 0.190000 0.087079 0.110000
0 0.876405 0.122500 0.073033 0.065000
0 0.831461 0.202500 0.084270 0.095000
0 0.733146 0.197500 0.078652 0.095000
0 0.639045 0.202500 0.081460 0.095000
0 0.544944 0.200000 0.078652 0.080000
0 0.441011 0.212500 0.056180 0.095000
0 0.379213 0.212500 0.084269 0.105000
0 0.299158 0.217500 0.075843 0.095000
0 0.470506 0.252500 0.098315 0.095000
0 0.563203 0.240000 0.092697 0.100000
0 0.084269 0.825000 0.168539 0.300000
0 0.058989 0.617500 0.117978 0.165000
0 0.151686 0.640000 0.179775 0.220000
0 0.273876 0.650000 0.199439 0.210000
0 0.411517 0.652500 0.193820 0.195000
0 0.561797 0.672500 0.185393 0.215000
0 0.714888 0.687500 0.193820 0.245000
0 0.889045 0.685000 0.182584 0.210000
0 0.058989 0.440000 0.117978 0.160000
0 0.122191 0.437500 0.165730 0.165000
0 0.220506 0.437500 0.171349 0.165000
0 0.328651 0.440000 0.174157 0.180000
0 0.431180 0.445000 0.171348 0.180000
0 0.547753 0.447500 0.185393 0.185000
0 0.681180 0.450000 0.193820 0.190000
0 0.813202 0.455000 0.182584 0.200000
0 0.924157 0.457500 0.151685 0.205000
0 0.995787 0.512500 0.008427 0.075000
0 0.046349 0.335000 0.092697 0.070000
0 0.134831 0.327500 0.095505 0.075000
0 0.240169 0.327500 0.132023 0.075000
0 0.443820 0.327500 0.117978 0.085000
0 0.550562 0.327500 0.123596 0.085000
0 0.674157 0.327500 0.129213 0.085000
0 0.807585 0.327500 0.120787 0.095000
0 0.941011 0.330000 0.117978 0.100000
0 0.040731 0.270000 0.081461 0.090000
0 0.130618 0.247500 0.098314 0.085000
0 0.213483 0.250000 0.112360 0.110000
0 0.775281 0.247500 0.112360 0.125000
0 0.823033 0.875000 0.280899 0.250000
0 0.450843 0.855000 0.300562 0.290000
0 0.279494 0.850000 0.266854 0.300000
0 0.669944 0.242500 0.098314 0.115000
