0 0.696289 0.219618 0.107422 0.137152
0 0.202636 0.102431 0.084961 0.052083
0 0.166016 0.080729 0.031250 0.046875
0 0.135253 0.093750 0.040039 0.045138
0 0.100586 0.096354 0.041016 0.036458
0 0.066894 0.116319 0.036133 0.041667
0 0.035644 0.124132 0.034179 0.029514
0 0.108008 0.136285 0.075391 0.050347
0 0.046875 0.162326 0.078126 0.067709
0 0.834472 0.131944 0.047851 0.031250
0 0.817871 0.153646 0.028320 0.071180
0 0.644531 0.059028 0.115234 0.097222
0 0.764161 0.156250 0.084961 0.145834
0 0.605468 0.302951 0.162109 0.171875
0 0.123047 0.728298 0.246094 0.394097
0 0.499512 0.056424 0.069336 0.036459
0 0.487304 0.036459 0.037109 0.024305
0 0.430176 0.028646 0.034180 0.032986
0 0.409180 0.028646 0.041016 0.036458
0 0.395020 0.033854 0.032227 0.029514
0 0.375976 0.056424 0.066407 0.046875
0 0.272461 0.046007 0.031250 0.019098
0 0.249024 0.051215 0.033203 0.015625
0 0.215332 0.059896 0.038086 0.029514
0 0.318848 0.065972 0.057617 0.038194
0 0.283691 0.073785 0.055664 0.036458
0 0.243164 0.078993 0.074218 0.046875
