0 0.827637 0.678571 0.225586 0.184385
0 0.126465 0.944352 0.157226 0.111296
0 0.189941 0.872923 0.225586 0.237541
0 0.236816 0.748339 0.231445 0.200996
0 0.024903 0.518272 0.049805 0.106313
0 0.325195 0.279070 0.146485 0.129568
0 0.482910 0.465116 0.198242 0.152824
0 0.452148 0.178571 0.134765 0.117941
0 0.567382 0.084718 0.123047 0.119601
0 0.669434 0.034053 0.110351 0.068106
0 0.931640 0.025747 0.136719 0.051495
0 0.513184 0.970930 0.168945 0.058140
0 0.629395 0.912791 0.237305 0.174419
0 0.700684 0.855482 0.260743 0.232558
0 0.765136 0.764120 0.223633 0.182725
0 0.863770 0.566446 0.196289 0.196013
0 0.922363 0.495847 0.090820 0.104651
