0 0.717969 0.323564 0.051563 0.072684
0 0.430468 0.361078 0.067187 0.046893
0 0.502734 0.335287 0.066406 0.046893
0 0.593750 0.301290 0.076562 0.063306
0 0.699219 0.271395 0.082812 0.055100
0 0.874610 0.216882 0.088281 0.056272
0 0.982031 0.171160 0.035937 0.060961
0 0.046093 0.648300 0.082813 0.079718
0 0.131250 0.563306 0.064062 0.073857
0 0.241407 0.454866 0.057813 0.058617
0 0.298438 0.399180 0.053125 0.052755
0 0.348047 0.347010 0.042969 0.051583
0 0.396484 0.303048 0.047656 0.052755
0 0.450782 0.249121 0.042187 0.050410
0 0.483985 0.206331 0.032031 0.030481
0 0.565234 0.166471 0.021093 0.030481
0 0.556640 0.147714 0.024219 0.030480
0 0.528125 0.160610 0.032812 0.037515
0 0.502344 0.174677 0.023437 0.032825
0 0.487109 0.175264 0.024219 0.036342
0 0.467969 0.186401 0.021875 0.030480
0 0.450782 0.191676 0.023437 0.031653
0 0.423829 0.201642 0.025781 0.030481
0 0.398007 0.229367 0.018047 0.017234
0 0.434937 0.213476 0.032937 0.020622
0 0.399500 0.209995 0.026344 0.024115
0 0.514844 0.807152 0.095313 0.172333
0 0.434766 0.801289 0.103907 0.188745
0 0.353125 0.813013 0.112500 0.162954
0 0.289844 0.809496 0.093750 0.160610
0 0.244140 0.798945 0.100781 0.155920
0 0.188672 0.799531 0.080468 0.133646
0 0.257421 0.681125 0.074219 0.126612
0 0.316797 0.658265 0.089844 0.127784
0 0.367578 0.657679 0.083594 0.145369
0 0.424609 0.653575 0.088281 0.155921
0 0.492579 0.645955 0.099219 0.147714
0 0.571094 0.638921 0.079688 0.150059
0 0.649219 0.631887 0.079688 0.152403
0 0.726953 0.621336 0.078906 0.173505
0 0.837500 0.347596 0.065625 0.158265
0 0.820703 0.620164 0.072656 0.164126
0 0.258203 0.581477 0.071094 0.084408
0 0.834375 0.803635 0.090625 0.228605
0 0.697266 0.808910 0.091406 0.225088
0 0.595312 0.806565 0.118750 0.187574
0 0.764454 0.374560 0.057031 0.113717
0 0.837890 0.269637 0.042969 0.021102
0 0.775391 0.310082 0.044531 0.052755
0 0.703906 0.402110 0.053125 0.098476
0 0.641797 0.410903 0.063282 0.104338
0 0.585156 0.440797 0.059375 0.100821
0 0.530078 0.441970 0.060156 0.103165
0 0.480859 0.451935 0.060157 0.104337
0 0.430859 0.475967 0.058594 0.086752
0 0.390234 0.482415 0.053906 0.069168
0 0.432422 0.407386 0.053906 0.078546
0 0.474218 0.402697 0.046875 0.064479
0 0.516406 0.392732 0.046875 0.049238
0 0.566016 0.379836 0.047656 0.060962
0 0.611328 0.364595 0.049219 0.060961
0 0.662500 0.345252 0.051562 0.064478
