0 0.564493 0.846405 0.120290 0.124183
0 0.259420 0.917212 0.069565 0.095861
0 0.281160 0.990196 0.075363 0.019608
0 0.233333 0.692810 0.046377 0.074074
0 0.226811 0.616557 0.050725 0.069717
0 0.436956 0.533769 0.094203 0.065360
0 0.491304 0.656862 0.104348 0.089325
0 0.523189 0.714597 0.130435 0.091504
0 0.552898 0.776689 0.111595 0.098039
0 0.625363 0.934640 0.126087 0.122005
0 0.676087 0.974946 0.140580 0.050109
0 0.810870 0.938998 0.131884 0.122004
0 0.889855 0.980392 0.127536 0.039216
0 0.757246 0.863835 0.114493 0.111111
0 0.713043 0.796296 0.121739 0.106754
0 0.509421 0.474946 0.082609 0.061003
0 0.216666 0.530501 0.039131 0.032680
0 0.205797 0.483660 0.034782 0.056645
0 0.200725 0.445534 0.033333 0.041394
0 0.198551 0.383443 0.040580 0.030501
0 0.184058 0.337691 0.023188 0.021787
0 0.421739 0.495642 0.081160 0.058823
0 0.412753 0.458605 0.070145 0.041395
0 0.397101 0.438998 0.078261 0.054466
0 0.388406 0.405229 0.060870 0.034858
0 0.381159 0.382353 0.066667 0.045752
0 0.376087 0.359478 0.062318 0.030501
0 0.357247 0.345316 0.056521 0.045752
0 0.350000 0.324619 0.053624 0.034858
0 0.337681 0.312636 0.072464 0.045752
0 0.422464 0.328976 0.059420 0.052288
0 0.418841 0.310457 0.066667 0.037037
0 0.352899 0.249455 0.036231 0.045751
0 0.454348 0.234204 0.030435 0.037037
0 0.468840 0.391068 0.082609 0.063181
0 0.501449 0.438998 0.081159 0.050109
0 0.694928 0.434640 0.076811 0.063181
0 0.682608 0.408497 0.078261 0.050109
0 0.618841 0.348584 0.063768 0.047930
0 0.717580 0.360000 0.052000 0.040262
0 0.194746 0.359586 0.035058 0.029630
0 0.184927 0.289586 0.029711 0.024836
0 0.175239 0.261198 0.016855 0.013900
