0 0.842696 0.947500 0.207865 0.105000
0 0.821629 0.015000 0.143258 0.030000
0 0.605337 0.020000 0.137640 0.040000
0 0.950843 0.169750 0.098315 0.180500
0 0.814607 0.192500 0.213483 0.235000
0 0.917135 0.392500 0.165730 0.285000
0 0.733146 0.392500 0.191012 0.255000
0 0.613764 0.192500 0.205056 0.255000
0 0.526685 0.365000 0.176967 0.270000
0 0.415731 0.177500 0.179775 0.235000
0 0.213483 0.175000 0.174158 0.190000
0 0.285112 0.372500 0.193820 0.265000
0 0.088483 0.375000 0.176966 0.260000
0 0.054775 0.752500 0.109551 0.315000
0 0.195225 0.770000 0.216292 0.330000
0 0.415731 0.787500 0.247191 0.335000
0 0.633427 0.802500 0.216292 0.335000
