0 0.113281 0.270834 0.051563 0.088889
0 0.961086 0.360708 0.022734 0.035972
0 0.960446 0.337000 0.015781 0.026112
0 0.936969 0.324570 0.018094 0.036945
0 0.941477 0.324132 0.026797 0.043930
0 0.928094 0.319180 0.027344 0.046945
0 0.921727 0.317306 0.024453 0.042361
0 0.912508 0.312820 0.025859 0.042917
0 0.906336 0.311292 0.027110 0.044028
0 0.897750 0.306764 0.027032 0.046944
0 0.892437 0.305445 0.019063 0.044583
0 0.871484 0.262500 0.021093 0.025000
0 0.870625 0.289791 0.042812 0.062917
0 0.711328 0.168055 0.033594 0.041667
0 0.922656 0.396528 0.045312 0.070833
0 0.965234 0.438889 0.050781 0.066666
0 0.985156 0.488194 0.029687 0.068055
0 0.965234 0.577778 0.069531 0.133333
0 0.915625 0.489584 0.076562 0.106945
0 0.834375 0.294444 0.048438 0.038889
0 0.856641 0.325694 0.050781 0.056945
0 0.792188 0.292361 0.057813 0.070834
0 0.878906 0.400000 0.062500 0.091666
0 0.786328 0.389583 0.097656 0.101389
0 0.755469 0.309723 0.071875 0.061111
0 0.730468 0.249306 0.045313 0.056945
0 0.702734 0.249306 0.052344 0.073611
0 0.667969 0.243750 0.060938 0.076388
0 0.645312 0.252778 0.070313 0.080556
0 0.706250 0.392361 0.120312 0.134722
0 0.619141 0.385416 0.125781 0.145833
0 0.565625 0.221527 0.064062 0.079167
0 0.330079 0.149305 0.067969 0.048611
0 0.406250 0.211111 0.064062 0.094444
0 0.522656 0.395139 0.142188 0.168056
0 0.398047 0.406250 0.122656 0.220834
0 0.283593 0.225000 0.048437 0.088888
0 0.267969 0.429167 0.098438 0.202778
0 0.069531 0.481944 0.109375 0.194445
0 0.016797 0.495833 0.033594 0.175000
0 0.163281 0.450000 0.092187 0.183334
0 0.059765 0.290278 0.057031 0.097222
0 0.171875 0.248611 0.056250 0.091666
