0 0.967593 0.133721 0.064815 0.107236
0 0.865278 0.231267 0.126852 0.139535
0 0.953704 0.355297 0.092593 0.152455
0 0.994908 0.208657 0.010185 0.055555
0 0.684260 0.293928 0.142593 0.102067
0 0.632870 0.229975 0.126852 0.103359
0 0.725926 0.354652 0.138889 0.109819
0 0.767593 0.427002 0.150000 0.122739
0 0.826389 0.491602 0.154630 0.120155
0 0.569444 0.421835 0.148149 0.122739
0 0.630092 0.517441 0.145371 0.138243
0 0.689352 0.597546 0.158334 0.133075
0 0.751852 0.679586 0.159259 0.147287
0 0.790741 0.770026 0.155556 0.149871
0 0.844908 0.852713 0.171297 0.162791
0 0.912500 0.917959 0.175000 0.164083
0 0.964352 0.971576 0.071296 0.056848
0 0.633796 0.963178 0.110185 0.073643
0 0.537963 0.826874 0.131482 0.191215
0 0.446759 0.642765 0.126852 0.182170
0 0.337037 0.451550 0.105556 0.164083
0 0.437037 0.221577 0.127778 0.114987
0 0.733796 0.022610 0.084259 0.045220
0 0.650926 0.037468 0.101852 0.074935
0 0.579167 0.057494 0.100926 0.114987
0 0.497686 0.069122 0.110185 0.138243
0 0.422222 0.102068 0.103704 0.142119
0 0.339815 0.139535 0.105556 0.136951
0 0.202777 0.033592 0.092593 0.067183
0 0.129166 0.052971 0.087963 0.105943
0 0.043981 0.046511 0.087963 0.093023
0 0.262963 0.169251 0.101852 0.144703
0 0.176852 0.208010 0.101852 0.134367
0 0.106481 0.255813 0.111111 0.134367
0 0.048148 0.332688 0.096296 0.089147
0 0.068982 0.400516 0.137963 0.142119
0 0.092593 0.484496 0.124074 0.105943
0 0.123148 0.564599 0.157408 0.121447
0 0.164352 0.656977 0.167592 0.130491
0 0.196760 0.740957 0.163889 0.127907
0 0.247222 0.826874 0.174074 0.147287
0 0.286111 0.924419 0.174074 0.151163
0 0.354630 0.972868 0.148148 0.054264
0 0.936111 0.635012 0.127778 0.130491
0 0.958797 0.733850 0.082407 0.139535
0 0.987500 0.830750 0.025000 0.093023
0 0.487963 0.284884 0.146296 0.109819
0 0.580556 0.170543 0.140741 0.118863
0 0.727314 0.127260 0.108333 0.125323
0 0.888426 0.033592 0.089814 0.067183
0 0.949537 0.061370 0.100926 0.122739
