0 0.396875 0.298148 0.110416 0.100000
0 0.560417 0.812963 0.200000 0.374074
0 0.869792 0.831481 0.168750 0.337037
0 0.895833 0.524074 0.208333 0.159260
0 0.723958 0.433334 0.164583 0.162963
0 0.739583 0.292593 0.179167 0.162963
0 0.639584 0.401852 0.133333 0.137037
0 0.585417 0.372222 0.150000 0.129630
0 0.539583 0.338888 0.120833 0.114815
0 0.476042 0.325925 0.114583 0.111111
0 0.361459 0.285185 0.085417 0.081482
0 0.338542 0.266667 0.106250 0.096296
0 0.301041 0.262963 0.085417 0.081482
0 0.267709 0.255555 0.077083 0.066667
0 0.171875 0.125926 0.018750 0.029630
0 0.130208 0.181482 0.043750 0.037037
0 0.309375 0.155556 0.039584 0.051851
0 0.160417 0.303704 0.062500 0.066667
0 0.113542 0.340741 0.118750 0.088889
0 0.118750 0.390740 0.120834 0.092593
0 0.155208 0.468519 0.168750 0.100000
0 0.168750 0.529630 0.179166 0.148148
0 0.213541 0.600000 0.227083 0.192592
0 0.290625 0.633333 0.243750 0.200000
0 0.111084 0.261148 0.060625 0.037408
0 0.982291 0.318519 0.035417 0.240000
