0 0.756511 0.135417 0.024739 0.046296
0 0.787110 0.146412 0.023437 0.047454
0 0.819987 0.160880 0.029296 0.062500
0 0.104303 0.215162 0.042735 0.047500
0 0.118483 0.215093 0.043282 0.047361
0 0.129694 0.219606 0.045704 0.058611
0 0.136394 0.227430 0.034505 0.045139
0 0.159505 0.228299 0.036458 0.049190
0 0.178386 0.229167 0.044271 0.046296
0 0.201497 0.233217 0.052735 0.056713
0 0.223307 0.239005 0.050781 0.056713
0 0.251953 0.238426 0.062500 0.064814
0 0.228190 0.138889 0.042318 0.041666
0 0.286459 0.141204 0.036459 0.046296
0 0.316407 0.136574 0.045573 0.053240
0 0.348633 0.108218 0.030599 0.038195
0 0.374024 0.111111 0.035807 0.041666
0 0.404297 0.112268 0.041666 0.039351
0 0.429688 0.148148 0.045573 0.046296
0 0.492513 0.159722 0.046224 0.050926
0 0.529622 0.168982 0.043620 0.057871
0 0.571289 0.177662 0.043620 0.065972
0 0.634766 0.155092 0.033854 0.043981
0 0.754883 0.203704 0.030599 0.057870
0 0.714193 0.183449 0.032552 0.054398
0 0.617838 0.188658 0.040365 0.060185
0 0.659831 0.203704 0.041016 0.074074
0 0.025065 0.256945 0.035808 0.043981
0 0.041595 0.267083 0.031380 0.043750
0 0.052663 0.265081 0.028776 0.045996
0 0.068334 0.267321 0.044453 0.056261
0 0.082650 0.270255 0.050846 0.056713
0 0.093977 0.276910 0.048633 0.057292
0 0.113119 0.276678 0.051757 0.057755
0 0.117969 0.284143 0.038021 0.054399
0 0.138020 0.287037 0.042969 0.062500
0 0.158854 0.296296 0.055990 0.081019
0 0.004557 0.469329 0.009115 0.038195
0 0.034831 0.506366 0.033203 0.096065
0 0.132161 0.574653 0.184895 0.302083
0 0.180664 0.308449 0.056640 0.070602
0 0.211589 0.312500 0.065105 0.076388
0 0.248047 0.318287 0.075521 0.085648
0 0.313802 0.247686 0.067708 0.071759
0 0.341146 0.266204 0.062500 0.069445
0 0.384765 0.277778 0.066407 0.083333
0 0.439453 0.285880 0.074218 0.090278
0 0.495443 0.304977 0.065104 0.100694
0 0.675130 0.384259 0.053385 0.127315
0 0.556966 0.314237 0.070964 0.130787
0 0.440104 0.398727 0.084636 0.112268
0 0.512370 0.433449 0.084636 0.135416
0 0.591797 0.458333 0.075521 0.136574
0 0.209792 0.010926 0.014323 0.012616
0 0.063295 0.107408 0.010937 0.015509
0 0.044961 0.125683 0.016406 0.020000
0 0.020769 0.149294 0.018125 0.019444
0 0.005150 0.164218 0.010299 0.015961
0 0.029954 0.176679 0.009310 0.015509
0 0.041725 0.174485 0.015690 0.021516
0 0.069297 0.154746 0.006250 0.014005
0 0.081700 0.147055 0.020117 0.029155
0 0.094330 0.145081 0.027539 0.027778
0 0.134746 0.133356 0.023372 0.031481
0 0.141126 0.132951 0.014258 0.027662
0 0.151654 0.131690 0.024870 0.037546
0 0.174060 0.128438 0.034837 0.041041
0 0.206621 0.104108 0.037174 0.029167
0 0.236380 0.103738 0.028750 0.031389
0 0.250163 0.103588 0.026497 0.033564
0 0.261719 0.108218 0.029948 0.038195
0 0.278320 0.108797 0.026693 0.037037
0 0.297852 0.106482 0.031901 0.034723
0 0.323568 0.103009 0.029948 0.023148
0 0.282226 0.067072 0.024089 0.027662
0 0.299479 0.063658 0.023438 0.027777
0 0.316080 0.065393 0.029297 0.033565
0 0.353516 0.061342 0.031250 0.034723
0 0.328776 0.067708 0.028646 0.031250
0 0.376628 0.062500 0.033203 0.034722
0 0.393555 0.063657 0.030599 0.034723
0 0.416992 0.064236 0.034505 0.035880
0 0.469727 0.067130 0.031901 0.039352
0 0.497722 0.071759 0.035807 0.039352
0 0.520833 0.124422 0.032552 0.045139
0 0.558268 0.125578 0.043620 0.063657
0 0.597657 0.137153 0.041667 0.068287
0 0.664713 0.100694 0.028645 0.046297
0 0.697917 0.114005 0.026042 0.045139
0 0.727539 0.127315 0.024088 0.043982
