0 0.919594 0.008125 0.020271 0.016250
0 0.398649 0.774375 0.362162 0.403750
0 0.543243 0.943750 0.263514 0.112500
0 0.778041 0.861875 0.443919 0.276250
0 0.874662 0.778750 0.250676 0.345000
0 0.579730 0.643750 0.304054 0.280000
0 0.697297 0.578750 0.279730 0.230000
0 0.783446 0.485000 0.242568 0.192500
0 0.943919 0.593125 0.112162 0.106250
0 0.976352 0.513750 0.047297 0.072500
0 0.864189 0.423125 0.236486 0.183750
0 0.907432 0.374375 0.185135 0.146250
0 0.928716 0.295625 0.142568 0.068750
0 0.954054 0.256875 0.091892 0.056250
0 0.979054 0.234375 0.041892 0.036250
0 0.045270 0.453750 0.090541 0.212500
0 0.150000 0.381250 0.172972 0.212500
0 0.278041 0.347500 0.165541 0.165000
0 0.379392 0.308750 0.154730 0.155000
0 0.463514 0.273750 0.148649 0.137500
0 0.435473 0.193125 0.126352 0.081250
0 0.623986 0.216250 0.138513 0.120000
0 0.514527 0.178125 0.095270 0.098750
0 0.585811 0.139375 0.094594 0.061250
0 0.690541 0.189375 0.120271 0.106250
0 0.791216 0.152500 0.128378 0.095000
0 0.680405 0.118125 0.112162 0.073750
0 0.843581 0.136250 0.095270 0.082500
0 0.736148 0.090625 0.072297 0.051250
0 0.772973 0.078125 0.070270 0.051250
0 0.812162 0.071250 0.067568 0.050000
0 0.844932 0.069375 0.064189 0.063750
0 0.870608 0.058125 0.070946 0.068750
0 0.025676 0.205000 0.051351 0.120000
0 0.089190 0.186250 0.110811 0.117500
0 0.025000 0.146250 0.050000 0.070000
0 0.025676 0.083750 0.051351 0.062500
0 0.013513 0.031875 0.027027 0.051250
0 0.046622 0.026875 0.054054 0.053750
0 0.086149 0.018750 0.049325 0.037500
0 0.178040 0.161875 0.100675 0.108750
0 0.262500 0.141250 0.092568 0.105000
0 0.114527 0.115000 0.087162 0.080000
0 0.212500 0.101875 0.081756 0.078750
0 0.335811 0.123125 0.095946 0.101250
0 0.398987 0.102500 0.096621 0.100000
0 0.457770 0.095000 0.081757 0.082500
0 0.463514 0.058750 0.058109 0.045000
0 0.403041 0.052500 0.038513 0.017500
0 0.338851 0.067500 0.037162 0.027500
0 0.282399 0.082500 0.062230 0.045000
0 0.249662 0.056250 0.061486 0.042500
0 0.195945 0.063750 0.072973 0.065000
0 0.166216 0.053750 0.078378 0.067500
0 0.129729 0.049375 0.056757 0.051250
0 0.113513 0.046875 0.064865 0.058750
0 0.095270 0.041875 0.054054 0.053750
0 0.131081 0.011875 0.048648 0.023750
0 0.166554 0.011875 0.042568 0.023750
0 0.195946 0.012938 0.036486 0.014125
0 0.222838 0.006375 0.052432 0.012750
0 0.262500 0.007500 0.031756 0.015000
0 0.298480 0.009437 0.030068 0.018875
0 0.333784 0.010625 0.045946 0.021250
0 0.360473 0.018062 0.042568 0.036125
0 0.383445 0.023125 0.047973 0.046250
0 0.410473 0.021875 0.042568 0.043750
0 0.448311 0.025000 0.075000 0.050000
0 0.516216 0.013750 0.067568 0.027500
0 0.511825 0.055000 0.057433 0.060000
0 0.555405 0.045625 0.052703 0.058750
0 0.594257 0.025625 0.046622 0.033750
0 0.618243 0.058750 0.075676 0.067500
0 0.666216 0.045625 0.078378 0.063750
0 0.699662 0.033125 0.076352 0.066250
0 0.631757 0.013750 0.059459 0.027500
0 0.785135 0.012500 0.022973 0.025000
0 0.848311 0.013750 0.038514 0.027500
0 0.877365 0.011250 0.026352 0.022500
0 0.898648 0.009375 0.021621 0.018750
0 0.171284 0.875000 0.337162 0.250000
0 0.961825 0.025625 0.076351 0.051250
0 0.290540 0.005625 0.020271 0.011250
0 0.585473 0.006875 0.031756 0.013750
0 0.559155 0.005938 0.020879 0.011875
0 0.219257 0.020625 0.031757 0.018750
0 0.245946 0.026250 0.047298 0.025000
0 0.268919 0.036875 0.031081 0.031250
0 0.319932 0.042500 0.080405 0.050000
