0 0.332095 0.338750 0.062838 0.060000
0 0.669256 0.361875 0.072297 0.048750
0 0.316216 0.569375 0.132432 0.156250
0 0.405405 0.540000 0.139189 0.135000
0 0.481419 0.506250 0.126352 0.127500
0 0.549662 0.483750 0.118243 0.115000
0 0.608108 0.456250 0.105406 0.087500
0 0.657771 0.435625 0.093919 0.076250
0 0.703040 0.420000 0.093919 0.065000
0 0.738514 0.405625 0.090541 0.068750
0 0.767906 0.393125 0.084459 0.066250
0 0.645270 0.581875 0.164865 0.158750
0 0.711148 0.543125 0.146621 0.138750
0 0.758108 0.513125 0.129730 0.121250
0 0.803378 0.488125 0.105405 0.103750
0 0.843919 0.470625 0.113514 0.106250
0 0.892567 0.459375 0.109459 0.098750
0 0.902702 0.434375 0.109459 0.086250
0 0.372973 0.788125 0.220270 0.273750
0 0.221284 0.630000 0.146622 0.180000
0 0.124662 0.538125 0.103378 0.141250
0 0.119932 0.380625 0.106081 0.081250
0 0.082095 0.369375 0.084459 0.071250
0 0.234460 0.355625 0.062163 0.066250
0 0.281756 0.346250 0.068919 0.065000
0 0.410135 0.341250 0.067568 0.060000
0 0.455067 0.331875 0.061487 0.056250
0 0.493919 0.323750 0.058108 0.055000
0 0.529392 0.316875 0.056081 0.053750
0 0.226352 0.494375 0.097297 0.121250
0 0.311824 0.458125 0.100676 0.086250
0 0.382432 0.435000 0.091892 0.082500
0 0.444933 0.413125 0.093919 0.066250
0 0.502364 0.400625 0.081757 0.061250
0 0.566149 0.388125 0.101216 0.063750
0 0.623310 0.372500 0.085811 0.055000
