0 0.674000 0.033334 0.156000 0.066667
0 0.864500 0.052666 0.271000 0.105333
0 0.966500 0.063334 0.067000 0.113333
0 0.988000 0.128667 0.024000 0.073333
0 0.895500 0.772000 0.209000 0.229334
0 0.834000 0.648667 0.332000 0.377333
0 0.789000 0.544667 0.422000 0.441333
0 0.734000 0.493333 0.532000 0.421333
0 0.681500 0.416000 0.637000 0.392000
0 0.647000 0.355333 0.706000 0.345333
0 0.606000 0.301333 0.788000 0.392000
0 0.560500 0.025333 0.079000 0.050667
0 0.357000 0.270000 0.412000 0.334666
0 0.420500 0.218666 0.655000 0.333333
0 0.262500 0.192666 0.501000 0.318667
0 0.263950 0.120666 0.527900 0.241333
0 0.931500 0.866000 0.137000 0.225334
