0 0.840975 0.204933 0.037300 0.021121
0 0.855770 0.202097 0.031375 0.015361
0 0.873279 0.199595 0.026592 0.010532
0 0.891292 0.197781 0.020750 0.006881
0 0.912208 0.203773 0.032250 0.020199
0 0.095000 0.841287 0.190000 0.317425
0 0.251667 0.761377 0.276667 0.284129
0 0.415833 0.690344 0.285000 0.235294
0 0.110000 0.605993 0.220000 0.201998
0 0.601250 0.631520 0.269166 0.230855
0 0.387500 0.522752 0.183334 0.130965
0 0.506250 0.473918 0.169166 0.110988
0 0.650000 0.470588 0.185000 0.146504
0 0.878333 0.563263 0.243333 0.156492
0 0.930833 0.529412 0.138333 0.124306
0 0.089583 0.429523 0.127500 0.113208
0 0.025417 0.369034 0.050833 0.085461
0 0.106666 0.317426 0.158333 0.082131
0 0.088334 0.291898 0.126667 0.059934
0 0.041667 0.294673 0.083333 0.054384
0 0.046250 0.270255 0.092500 0.041065
0 0.034584 0.254162 0.069167 0.037736
0 0.122083 0.245283 0.087500 0.037736
0 0.155834 0.271921 0.063333 0.044395
0 0.220000 0.292453 0.078334 0.058824
0 0.267084 0.307436 0.125833 0.055494
0 0.211250 0.411764 0.119166 0.104329
0 0.222917 0.359046 0.105833 0.065483
0 0.320833 0.346837 0.100000 0.058824
0 0.323333 0.403996 0.128333 0.099889
0 0.425000 0.392897 0.128334 0.086570
0 0.409166 0.334628 0.096667 0.052164
0 0.497084 0.332408 0.094167 0.056603
0 0.532084 0.382353 0.120833 0.089900
0 0.614583 0.365705 0.114167 0.072142
0 0.835834 0.434518 0.171667 0.100999
0 0.939584 0.421754 0.120833 0.093229
0 0.988750 0.462264 0.022500 0.036626
0 0.699583 0.362931 0.114167 0.082131
0 0.636667 0.319090 0.076667 0.047724
0 0.580000 0.284683 0.093334 0.041065
0 0.530833 0.273585 0.063333 0.049944
0 0.422525 0.276593 0.091300 0.051010
0 0.365417 0.266925 0.085833 0.045505
0 0.190417 0.240289 0.062500 0.041065
0 0.246250 0.239179 0.062500 0.043285
0 0.243334 0.185350 0.091667 0.028857
0 0.233333 0.196448 0.055000 0.019978
0 0.297917 0.239734 0.057500 0.037736
0 0.346250 0.236404 0.049166 0.035516
0 0.390834 0.230300 0.046667 0.021088
0 0.439167 0.232519 0.055000 0.025527
0 0.481666 0.232519 0.053333 0.029967
0 0.408750 0.247503 0.032500 0.022198
0 0.445417 0.245838 0.047500 0.016648
0 0.492084 0.266925 0.039167 0.043285
0 0.757500 0.352941 0.110000 0.073252
0 0.706250 0.309655 0.070834 0.026637
0 0.816667 0.346726 0.110000 0.070144
0 0.762916 0.302997 0.074167 0.033296
0 0.751667 0.279134 0.080000 0.036626
0 0.697500 0.274695 0.066666 0.041066
0 0.829167 0.276359 0.070000 0.039955
0 0.777084 0.265816 0.050833 0.032186
0 0.739583 0.253052 0.040833 0.019978
0 0.697083 0.253052 0.057500 0.031076
0 0.625417 0.260821 0.070833 0.037736
0 0.552500 0.251387 0.066666 0.023307
0 0.542083 0.241398 0.057500 0.018868
0 0.596250 0.245783 0.049166 0.029855
0 0.626167 0.234184 0.039333 0.015538
0 0.659833 0.250278 0.043667 0.032187
0 0.877916 0.340178 0.105833 0.065483
0 0.939583 0.332963 0.104167 0.066593
0 0.972500 0.326304 0.055000 0.057714
0 0.847083 0.298557 0.087500 0.033296
0 0.910833 0.289123 0.066667 0.025527
0 0.965625 0.288569 0.068750 0.026637
0 0.696667 0.209767 0.031667 0.026637
0 0.712916 0.207603 0.025833 0.022309
0 0.740000 0.219756 0.051666 0.031076
0 0.751667 0.233075 0.053333 0.026637
0 0.786666 0.240289 0.053333 0.025527
0 0.824167 0.244729 0.055000 0.027747
0 0.868750 0.250833 0.070834 0.044395
0 0.913334 0.257492 0.063333 0.037736
0 0.933750 0.245838 0.059166 0.036626
0 0.992916 0.266371 0.014167 0.033296
0 0.996250 0.303551 0.007500 0.012209
0 0.755208 0.206993 0.046250 0.023307
0 0.776292 0.201998 0.035417 0.019978
0 0.897917 0.224750 0.040833 0.016648
0 0.946625 0.240621 0.051084 0.030633
0 0.807792 0.225550 0.054500 0.023307
0 0.795292 0.218946 0.051667 0.021199
0 0.830242 0.219367 0.024500 0.018091
0 0.845204 0.217902 0.044658 0.023085
0 0.815816 0.202031 0.040333 0.014872
0 0.847017 0.232264 0.029667 0.010433
0 0.882175 0.216293 0.044834 0.023308
0 0.902267 0.214273 0.052100 0.026104
0 0.947150 0.215494 0.051700 0.025572
0 0.945825 0.230166 0.038334 0.013763
0 0.603175 0.183329 0.035166 0.016093
0 0.977683 0.216015 0.040000 0.022975
0 0.927650 0.198257 0.026166 0.009545
0 0.947145 0.201232 0.028925 0.013874
0 0.961392 0.199828 0.023050 0.011132
0 0.978667 0.198746 0.029500 0.011099
0 0.986962 0.214345 0.026075 0.020632
0 0.988962 0.198796 0.022075 0.011731
0 0.972500 0.375694 0.055000 0.034406
