0 0.358349 0.338579 0.054981 0.020351
0 0.329444 0.326500 0.033105 0.015227
0 0.348389 0.323279 0.037012 0.013177
0 0.360596 0.322328 0.026660 0.012738
0 0.385313 0.341728 0.043125 0.026003
0 0.380273 0.320132 0.030273 0.013031
0 0.392334 0.318302 0.033886 0.012591
0 0.405469 0.317789 0.021875 0.011566
0 0.397090 0.338741 0.040664 0.024598
0 0.410273 0.330923 0.031641 0.013529
0 0.431719 0.332943 0.045469 0.022489
0 0.433242 0.350425 0.038672 0.030044
0 0.449804 0.329503 0.030859 0.015959
0 0.460498 0.327672 0.025293 0.012298
0 0.273872 0.392760 0.072900 0.053192
0 0.291621 0.362723 0.041602 0.008961
0 0.304746 0.358507 0.030352 0.012123
0 0.334629 0.361055 0.048398 0.023543
0 0.372012 0.360702 0.049570 0.029517
0 0.415689 0.364217 0.039091 0.019619
0 0.406616 0.373916 0.051611 0.017087
0 0.368931 0.378236 0.045147 0.018551
0 0.323999 0.396574 0.058212 0.048492
0 0.458579 0.457174 0.097530 0.052357
0 0.502114 0.446801 0.095518 0.056413
0 0.084024 0.406347 0.039961 0.018844
0 0.472187 0.322972 0.021387 0.009956
0 0.490254 0.331903 0.035840 0.024890
0 0.469257 0.347277 0.033887 0.027526
0 0.503144 0.340418 0.030761 0.011581
0 0.457744 0.373499 0.051074 0.044802
0 0.523311 0.335037 0.032715 0.017131
0 0.486425 0.315798 0.023047 0.010688
0 0.516211 0.321361 0.027148 0.021523
0 0.542774 0.326705 0.030469 0.022255
0 0.557568 0.332855 0.034277 0.020790
0 0.575479 0.324905 0.025293 0.021669
0 0.600977 0.327160 0.023828 0.017716
0 0.480376 0.380879 0.017724 0.036897
0 0.369731 0.399868 0.062939 0.034905
0 0.411919 0.394173 0.038310 0.037189
0 0.438160 0.404165 0.063115 0.046047
0 0.612549 0.356149 0.043848 0.030600
0 0.567187 0.368185 0.018633 0.011595
0 0.563848 0.407087 0.013477 0.027409
0 0.573047 0.399444 0.028828 0.045153
0 0.580781 0.385740 0.043594 0.025125
0 0.629439 0.411654 0.085225 0.044481
0 0.660449 0.406595 0.071016 0.039839
0 0.674663 0.398858 0.076436 0.040996
0 0.692017 0.394685 0.070869 0.040058
0 0.604615 0.382138 0.020107 0.013295
0 0.632051 0.376428 0.047930 0.018448
0 0.577759 0.354100 0.031924 0.022987
0 0.590137 0.338704 0.038672 0.020864
0 0.627329 0.345241 0.031787 0.027203
0 0.628321 0.330087 0.029297 0.010981
0 0.656347 0.346925 0.040429 0.034700
0 0.660937 0.317716 0.035743 0.032796
0 0.680762 0.342973 0.015039 0.022987
0 0.654101 0.370278 0.026563 0.014348
0 0.667578 0.367204 0.030860 0.015519
0 0.677344 0.365007 0.021680 0.018448
0 0.724571 0.395754 0.041485 0.031450
0 0.745664 0.394436 0.033047 0.025651
0 0.768282 0.390132 0.041953 0.015988
0 0.806406 0.414495 0.106914 0.057686
0 0.867022 0.407752 0.020957 0.040483
0 0.881153 0.395608 0.022851 0.016105
0 0.895215 0.394436 0.012500 0.011420
0 0.911250 0.427254 0.098164 0.050381
0 0.937402 0.422401 0.057422 0.043924
0 0.936719 0.415739 0.081836 0.046705
0 0.942675 0.406881 0.069141 0.035432
0 0.962793 0.405563 0.057032 0.036603
0 0.970801 0.402562 0.058398 0.037042
0 0.975278 0.385571 0.049443 0.038200
0 0.975097 0.368258 0.049805 0.022899
0 0.984165 0.353477 0.031670 0.010000
0 0.988560 0.345776 0.022881 0.007598
0 0.966104 0.349882 0.029687 0.016691
0 0.975654 0.335630 0.048691 0.015153
0 0.072754 0.903367 0.145508 0.193265
0 0.149902 0.855784 0.299805 0.209371
0 0.276367 0.783309 0.312500 0.187408
0 0.415039 0.724744 0.228516 0.158126
0 0.281739 0.633968 0.204101 0.108346
0 0.423340 0.578331 0.180664 0.099560
0 0.621094 0.606150 0.201172 0.102489
0 0.507324 0.551244 0.122070 0.086383
0 0.559082 0.520498 0.108398 0.071742
0 0.615722 0.495607 0.094727 0.098097
0 0.697217 0.475842 0.078223 0.064422
0 0.728028 0.464129 0.075195 0.064422
0 0.650572 0.487994 0.095049 0.063250
0 0.891601 0.952416 0.216797 0.095168
0 0.903320 0.879209 0.193359 0.144949
0 0.930176 0.805271 0.139648 0.076134
0 0.957520 0.759151 0.084961 0.065886
0 0.966309 0.714495 0.067383 0.052708
0 0.987793 0.677892 0.024414 0.026355
0 0.981934 0.661054 0.036133 0.051244
0 0.993164 0.620791 0.013672 0.029283
0 0.993164 0.595900 0.013672 0.035139
0 0.062989 0.560029 0.125977 0.127379
0 0.076172 0.489019 0.130860 0.079063
0 0.152832 0.533675 0.149414 0.109810
0 0.218750 0.511713 0.144532 0.101024
0 0.301269 0.503660 0.106445 0.076135
0 0.233887 0.453880 0.086914 0.032210
0 0.360351 0.480967 0.115235 0.074671
0 0.294434 0.448024 0.057617 0.035139
0 0.414551 0.471449 0.086914 0.061493
0 0.350098 0.431918 0.069336 0.029282
0 0.400391 0.427526 0.044922 0.029283
0 0.285644 0.419473 0.071289 0.048316
0 0.166504 0.441434 0.088868 0.057101
0 0.184570 0.420205 0.070313 0.040996
0 0.123535 0.420205 0.051758 0.046852
0 0.059082 0.432650 0.083008 0.060030
0 0.003418 0.466325 0.006836 0.039532
0 0.020996 0.428990 0.041992 0.049780
0 0.039062 0.402635 0.052735 0.020497
0 0.011230 0.399707 0.022461 0.017570
0 0.076563 0.373353 0.048047 0.040996
0 0.115478 0.376281 0.041503 0.032211
0 0.086631 0.346149 0.050000 0.023279
0 0.111289 0.344539 0.034668 0.013616
0 0.132138 0.363229 0.045117 0.025227
0 0.148252 0.386779 0.059375 0.034554
0 0.160258 0.362108 0.055869 0.026208
0 0.128916 0.341684 0.055468 0.020205
0 0.157237 0.341537 0.045313 0.020205
0 0.178526 0.340293 0.039453 0.016838
0 0.189785 0.362006 0.053418 0.026794
0 0.210479 0.358843 0.050489 0.027379
0 0.186889 0.386984 0.059619 0.031420
0 0.229288 0.393521 0.057793 0.047013
0 0.231855 0.356047 0.050273 0.028990
0 0.198291 0.334041 0.044628 0.021230
0 0.147949 0.322767 0.039258 0.016838
0 0.225000 0.334348 0.030000 0.012650
0 0.241455 0.333382 0.031543 0.014056
0 0.259668 0.329722 0.030860 0.014056
0 0.281446 0.328770 0.033789 0.012152
0 0.254951 0.353887 0.051465 0.027628
0 0.278027 0.347291 0.044922 0.020791
0 0.304443 0.344583 0.047168 0.019473
0 0.301201 0.332665 0.038574 0.024744
0 0.295899 0.305856 0.044921 0.027525
0 0.317041 0.332650 0.037402 0.023572
