0 0.324703 0.234034 0.027341 0.015318
0 0.885918 0.227625 0.014051 0.017728
0 0.888386 0.221489 0.007722 0.006818
0 0.791260 0.228988 0.039367 0.029977
0 0.752617 0.231079 0.043474 0.025363
0 0.067437 0.281705 0.094241 0.058409
0 0.035396 0.256977 0.070791 0.044773
0 0.028905 0.244528 0.057810 0.033829
0 0.022624 0.233551 0.045247 0.018852
0 0.020801 0.229267 0.041563 0.019580
0 0.006465 0.225915 0.012930 0.014352
0 0.893987 0.626704 0.212025 0.244319
0 0.738101 0.514204 0.213671 0.132955
0 0.621202 0.459659 0.148735 0.105682
0 0.536393 0.418750 0.115823 0.076136
0 0.467089 0.385795 0.120253 0.060227
0 0.406962 0.364773 0.102532 0.056818
0 0.290822 0.328978 0.099367 0.060227
0 0.255696 0.306250 0.077215 0.037500
0 0.230380 0.295454 0.069620 0.031819
0 0.200317 0.289204 0.066455 0.044319
0 0.166455 0.267045 0.051899 0.034091
0 0.143513 0.255284 0.038924 0.014432
0 0.011661 0.219267 0.023323 0.006488
0 0.006706 0.214397 0.013133 0.002477
0 0.003209 0.210988 0.006418 0.003977
0 0.121253 0.247716 0.047962 0.024114
0 0.105905 0.240091 0.031519 0.012796
0 0.102066 0.238244 0.030424 0.013534
0 0.093845 0.234676 0.030424 0.012784
0 0.086633 0.233199 0.032506 0.015738
0 0.077621 0.228455 0.031519 0.012545
0 0.068231 0.226733 0.031652 0.014512
0 0.062066 0.220330 0.030285 0.014023
0 0.048731 0.219966 0.022146 0.015250
0 0.047801 0.213148 0.026310 0.011068
0 0.039990 0.211307 0.020007 0.015750
0 0.034440 0.210938 0.018778 0.015989
0 0.971171 0.440909 0.057658 0.113636
0 0.915190 0.415909 0.132912 0.111364
0 0.831012 0.393750 0.125317 0.103410
0 0.750949 0.373864 0.112025 0.097727
0 0.686076 0.356250 0.097468 0.085228
0 0.579747 0.327273 0.089874 0.075000
0 0.538924 0.314204 0.081646 0.067045
0 0.415823 0.284091 0.083544 0.054546
0 0.295728 0.255113 0.058544 0.042045
0 0.365266 0.272619 0.070734 0.046398
0 0.251095 0.242995 0.045936 0.031443
0 0.239699 0.239682 0.046031 0.029864
0 0.227335 0.236989 0.042595 0.030182
0 0.209864 0.234938 0.042854 0.031443
0 0.198420 0.233278 0.037753 0.030647
0 0.192307 0.230437 0.039956 0.028443
0 0.179984 0.227745 0.041361 0.028761
0 0.170082 0.225057 0.035291 0.026546
0 0.163924 0.223165 0.034064 0.025602
0 0.152396 0.221035 0.024551 0.022591
0 0.147073 0.219693 0.024816 0.019909
0 0.630379 0.342614 0.096203 0.078409
0 0.145222 0.218420 0.031507 0.020227
0 0.136510 0.217164 0.023943 0.021807
0 0.132548 0.216057 0.023057 0.023068
0 0.128588 0.213681 0.026405 0.020227
0 0.983519 0.375352 0.032822 0.043909
0 0.934924 0.356693 0.099595 0.038000
0 0.854032 0.339977 0.098911 0.031455
0 0.786996 0.323512 0.081285 0.032613
0 0.730918 0.315364 0.065392 0.037500
0 0.685450 0.304778 0.051683 0.030284
0 0.644610 0.292000 0.050589 0.025160
0 0.602675 0.282170 0.049057 0.021227
0 0.565554 0.277448 0.035260 0.014943
0 0.530953 0.281580 0.043145 0.035000
0 0.506317 0.269000 0.033291 0.019272
0 0.475769 0.266051 0.038322 0.022012
0 0.435912 0.255040 0.057595 0.033034
0 0.407554 0.249539 0.036791 0.026739
0 0.592722 0.736363 0.415823 0.440909
0 0.446203 0.612897 0.337975 0.324205
0 0.352848 0.517046 0.266456 0.218181
0 0.281645 0.468750 0.236709 0.187500
0 0.238924 0.421590 0.198102 0.159091
0 0.168038 0.382386 0.144936 0.137500
0 0.125949 0.342614 0.120253 0.110227
0 0.096836 0.306818 0.125317 0.081818
0 0.061557 0.275693 0.094962 0.059046
0 0.046690 0.266954 0.085506 0.051909
0 0.347630 0.234489 0.036196 0.016932
0 0.378680 0.244034 0.036121 0.017068
0 0.367854 0.240426 0.038127 0.020102
0 0.306820 0.230006 0.032045 0.011579
0 0.287355 0.227551 0.029203 0.014148
0 0.273082 0.223523 0.024494 0.010795
0 0.261911 0.221466 0.024962 0.009818
0 0.252959 0.219108 0.024500 0.011398
0 0.239503 0.217540 0.022968 0.010602
0 0.233272 0.216159 0.015962 0.008636
0 0.475475 0.300000 0.095253 0.059090
0 0.266076 0.247955 0.053670 0.039091
0 0.328804 0.263182 0.072266 0.041682
0 0.224029 0.214784 0.014765 0.008636
0 0.218728 0.214000 0.019684 0.009432
0 0.209978 0.212137 0.018374 0.007659
0 0.203975 0.211580 0.015342 0.008181
0 0.191747 0.209534 0.020354 0.008728
0 0.183658 0.208171 0.018760 0.007637
0 0.178835 0.206671 0.020962 0.007909
0 0.891772 0.307955 0.067088 0.054545
0 0.836076 0.297727 0.063292 0.050000
0 0.789557 0.288636 0.055064 0.043182
0 0.746393 0.281932 0.054051 0.045682
0 0.710411 0.277273 0.052469 0.047727
0 0.672436 0.269716 0.052089 0.041704
0 0.496741 0.243750 0.042849 0.032954
0 0.460317 0.236932 0.046329 0.028409
0 0.589494 0.256227 0.056506 0.037659
0 0.638133 0.261023 0.049810 0.037955
0 0.427057 0.230227 0.035632 0.021364
0 0.560481 0.252154 0.037418 0.036307
0 0.531095 0.247574 0.042140 0.035284
0 0.397104 0.225858 0.036095 0.021034
0 0.380095 0.222637 0.026646 0.015955
0 0.368754 0.221278 0.029671 0.017307
0 0.359779 0.219074 0.021545 0.016284
0 0.443633 0.216664 0.036354 0.019557
0 0.541800 0.224324 0.048955 0.027807
0 0.992395 0.267085 0.015209 0.021420
0 0.974420 0.247773 0.029133 0.029932
0 0.951978 0.243648 0.038057 0.032045
0 0.988202 0.225034 0.022051 0.013204
0 0.971079 0.229233 0.018602 0.018488
0 0.947133 0.225966 0.019898 0.016500
0 0.930842 0.230671 0.023316 0.017455
0 0.915158 0.229579 0.013823 0.015819
0 0.901753 0.226108 0.025747 0.019488
