0 0.211875 0.203750 0.101250 0.057500
0 0.105437 0.198750 0.112875 0.054166
0 0.026875 0.187916 0.053750 0.079167
0 0.348959 0.163975 0.050656 0.039866
0 0.410831 0.150413 0.058962 0.026025
0 0.395471 0.177912 0.039219 0.031141
0 0.755760 0.200129 0.124619 0.044842
0 0.766325 0.211759 0.147412 0.055917
0 0.773406 0.221720 0.144963 0.063675
0 0.801416 0.248025 0.132881 0.085266
0 0.807851 0.306712 0.104225 0.056475
0 0.842318 0.325538 0.187275 0.107409
0 0.850622 0.358479 0.169006 0.074742
0 0.869722 0.383667 0.207206 0.093017
0 0.881390 0.421596 0.199731 0.099108
0 0.897593 0.437929 0.204813 0.078625
0 0.891572 0.488588 0.216856 0.136759
0 0.905297 0.553092 0.189406 0.130667
0 0.924584 0.603213 0.150831 0.147791
0 0.936184 0.683754 0.127443 0.141742
0 0.957597 0.765700 0.084806 0.124016
0 0.977065 0.837120 0.045681 0.087475
0 0.636978 0.167187 0.040694 0.062009
0 0.036875 0.280000 0.073750 0.086666
0 0.124375 0.292917 0.155000 0.094167
0 0.195594 0.251667 0.106313 0.050000
0 0.085000 0.246791 0.091250 0.058583
0 0.081541 0.229308 0.148244 0.037100
0 0.586310 0.219996 0.079731 0.094342
0 0.598647 0.184371 0.050868 0.086742
0 0.060156 0.166191 0.060212 0.063117
0 0.141960 0.166746 0.054393 0.050942
0 0.210890 0.167850 0.059381 0.059800
0 0.281690 0.167850 0.058969 0.047616
0 0.055313 0.808750 0.110625 0.175834
0 0.290938 0.811667 0.338125 0.166667
0 0.614375 0.749167 0.235000 0.225000
0 0.819063 0.799167 0.185625 0.173333
0 0.719375 0.631250 0.232500 0.182500
0 0.670937 0.511667 0.141875 0.091667
0 0.622188 0.452500 0.124375 0.118334
0 0.660000 0.346250 0.098750 0.102500
0 0.524687 0.570000 0.198125 0.141666
0 0.475000 0.721250 0.200000 0.170834
0 0.390313 0.652084 0.259375 0.174167
0 0.211562 0.659167 0.213125 0.165000
0 0.048750 0.659166 0.097500 0.108333
0 0.030625 0.552917 0.061250 0.119167
0 0.145937 0.569584 0.175625 0.110833
0 0.336875 0.555834 0.212500 0.093333
0 0.419687 0.489584 0.228125 0.090833
0 0.503437 0.444167 0.166875 0.100000
0 0.549375 0.372917 0.115000 0.087500
0 0.504687 0.313750 0.116875 0.092500
0 0.444062 0.215417 0.115625 0.067500
0 0.442187 0.177917 0.086875 0.039167
0 0.446250 0.268334 0.053750 0.056667
0 0.380625 0.300416 0.147500 0.095833
0 0.442188 0.377084 0.121875 0.075833
0 0.351562 0.444167 0.168125 0.105000
0 0.312812 0.378333 0.156875 0.081667
0 0.192500 0.425833 0.195000 0.101667
0 0.136125 0.500000 0.234000 0.101666
0 0.050000 0.440416 0.100000 0.100833
0 0.031250 0.364167 0.062500 0.066667
0 0.125937 0.389166 0.126875 0.083333
0 0.170000 0.337083 0.192500 0.072500
0 0.261563 0.296250 0.143125 0.080834
0 0.307812 0.248333 0.114375 0.066667
0 0.527156 0.253750 0.079312 0.062500
0 0.348125 0.217917 0.078750 0.064167
0 0.299687 0.204167 0.120625 0.073333
