0 0.465234 0.115972 0.047657 0.059722
0 0.254297 0.625000 0.066406 0.144444
0 0.227344 0.506250 0.053125 0.115278
0 0.196094 0.400000 0.046875 0.105556
0 0.173828 0.313889 0.038281 0.086111
0 0.159376 0.237500 0.040625 0.080556
0 0.143985 0.175972 0.035469 0.073056
0 0.133985 0.120833 0.032031 0.063889
0 0.100000 0.149306 0.037500 0.076389
0 0.014453 0.138889 0.028906 0.055556
0 0.007422 0.606944 0.014844 0.111111
0 0.004297 0.222222 0.008594 0.041667
0 0.020703 0.872223 0.041406 0.183333
0 0.503906 0.892361 0.126562 0.145834
0 0.530860 0.813195 0.116407 0.120833
0 0.618750 0.730556 0.134375 0.119445
0 0.557813 0.606250 0.096875 0.104166
0 0.467187 0.667361 0.115625 0.126389
0 0.437500 0.561111 0.092188 0.094444
0 0.503906 0.500000 0.087500 0.091666
0 0.472657 0.409028 0.078125 0.081944
0 0.431640 0.335417 0.086719 0.070833
0 0.401172 0.269653 0.078906 0.064306
0 0.377343 0.209722 0.073437 0.061111
0 0.355469 0.157639 0.067187 0.054166
0 0.333985 0.106250 0.063281 0.059722
0 0.308203 0.063195 0.064844 0.054167
0 0.240625 0.033334 0.059375 0.055555
0 0.225390 0.061111 0.057031 0.050000
0 0.243750 0.091666 0.056250 0.041667
0 0.258204 0.131945 0.082031 0.061111
0 0.275000 0.184723 0.073438 0.058333
0 0.306641 0.247917 0.072656 0.062500
0 0.332031 0.313194 0.078125 0.068055
0 0.348047 0.385416 0.088282 0.079167
0 0.850391 0.721528 0.097657 0.140278
0 0.773438 0.611111 0.092187 0.130556
0 0.695976 0.488194 0.075235 0.106945
0 0.639063 0.402778 0.067187 0.097222
0 0.585156 0.309028 0.059375 0.081944
0 0.539062 0.230555 0.059375 0.080555
0 0.500000 0.168056 0.048438 0.066667
0 0.432032 0.068056 0.045313 0.058333
0 0.401562 0.026389 0.040625 0.052778
0 0.520312 0.048611 0.034375 0.055556
0 0.546875 0.081945 0.034376 0.061111
0 0.586718 0.124306 0.039063 0.062500
0 0.623437 0.166666 0.045313 0.088889
0 0.662500 0.222222 0.040625 0.072222
0 0.701953 0.279166 0.042968 0.086111
0 0.757031 0.344444 0.037500 0.083333
0 0.823828 0.427083 0.044532 0.101389
0 0.887500 0.517361 0.043750 0.109722
0 0.928906 0.428473 0.089062 0.079167
0 0.866796 0.351389 0.088281 0.077778
0 0.803516 0.288195 0.074219 0.065277
0 0.751563 0.218750 0.073437 0.062500
0 0.704297 0.167361 0.066406 0.054166
0 0.628516 0.074305 0.061719 0.048611
0 0.665071 0.119097 0.061235 0.055639
0 0.595313 0.035417 0.062500 0.048611
0 0.564024 0.011806 0.060859 0.023611
0 0.716406 0.054167 0.050000 0.055555
0 0.748360 0.050000 0.047031 0.052778
0 0.768203 0.019444 0.027656 0.038889
0 0.775391 0.113194 0.060156 0.062500
0 0.807422 0.059027 0.032032 0.054167
0 0.854297 0.102777 0.032032 0.061111
0 0.906641 0.144445 0.033594 0.063889
0 0.958594 0.201389 0.039062 0.075000
0 0.971094 0.331250 0.057813 0.081944
0 0.892969 0.238195 0.065625 0.073611
0 0.830469 0.170834 0.064062 0.063889
0 0.827735 0.221527 0.063281 0.070833
