0 0.045500 0.020000 0.045000 0.024000
0 0.110305 0.045700 0.049390 0.025800
0 0.121010 0.005446 0.028040 0.010893
0 0.150210 0.006327 0.043540 0.012440
0 0.179345 0.011033 0.039610 0.020733
0 0.232530 0.024167 0.037740 0.018253
0 0.348760 0.063980 0.049140 0.026546
0 0.661705 0.171094 0.056730 0.039013
0 0.728145 0.190000 0.048670 0.044986
0 0.671135 0.089733 0.037150 0.019973
0 0.669685 0.713280 0.146910 0.187760
0 0.425500 0.871333 0.147000 0.185333
0 0.092500 0.459334 0.087000 0.089333
0 0.041500 0.398667 0.077000 0.074667
0 0.853500 0.870667 0.165000 0.232000
0 0.626500 0.372667 0.083000 0.068000
0 0.429500 0.271334 0.085000 0.062667
0 0.209800 0.340000 0.110400 0.050666
0 0.067865 0.234673 0.085930 0.058440
0 0.769345 0.202640 0.065290 0.048320
0 0.090220 0.250827 0.079300 0.056133
0 0.026000 0.202666 0.052000 0.045333
0 0.015000 0.162000 0.030000 0.033334
0 0.008500 0.140000 0.017000 0.016000
0 0.018500 0.049334 0.037000 0.029333
