0 0.273438 0.388888 0.112500 0.113889
0 0.339062 0.456250 0.126563 0.115278
0 0.457032 0.399305 0.107813 0.109723
0 0.525782 0.447223 0.109375 0.133333
0 0.550000 0.326389 0.098438 0.116666
0 0.471094 0.297291 0.081250 0.097083
0 0.422266 0.138194 0.047656 0.084723
0 0.376562 0.208334 0.075000 0.083333
0 0.396485 0.284028 0.086719 0.084722
0 0.287109 0.149306 0.046094 0.076389
0 0.239844 0.149097 0.043750 0.070417
0 0.188672 0.146528 0.041406 0.076389
0 0.365625 0.068750 0.076562 0.054166
0 0.666797 0.234723 0.060156 0.088889
0 0.794531 0.243055 0.085937 0.094445
0 0.891797 0.311805 0.092968 0.106945
0 0.973828 0.386806 0.052344 0.093055
0 0.333984 0.236111 0.072656 0.108334
0 0.635157 0.932639 0.090625 0.134722
0 0.517969 0.843750 0.117187 0.312500
0 0.641406 0.802083 0.153125 0.223611
0 0.831250 0.795138 0.142188 0.223611
0 0.749610 0.665972 0.130469 0.184722
0 0.666406 0.596527 0.118750 0.151389
0 0.492188 0.609028 0.085937 0.151389
0 0.403125 0.706250 0.082812 0.231944
0 0.302344 0.603473 0.085938 0.195833
0 0.085156 0.652083 0.170313 0.159722
0 0.156251 0.521528 0.165625 0.115278
0 0.089844 0.458334 0.168750 0.130555
0 0.032422 0.370834 0.064844 0.138889
0 0.096485 0.335417 0.088281 0.120833
0 0.162110 0.292361 0.092969 0.145834
0 0.227735 0.283334 0.078907 0.119445
0 0.289062 0.264583 0.071875 0.106945
