0 0.283000 0.116000 0.060000 0.037334
0 0.349500 0.064067 0.049000 0.029200
0 0.518000 0.215133 0.066000 0.052400
0 0.610900 0.261267 0.073800 0.064667
0 0.770000 0.201533 0.066000 0.047600
0 0.729000 0.190667 0.048000 0.042667
0 0.661500 0.169667 0.057000 0.038000
0 0.689335 0.081540 0.048210 0.031800
0 0.231960 0.023613 0.036840 0.018080
0 0.195000 0.015046 0.042600 0.023693
0 0.174180 0.009687 0.028800 0.019373
0 0.149100 0.006333 0.042480 0.011360
0 0.119700 0.005373 0.023520 0.010080
0 0.066895 0.027574 0.028990 0.026533
0 0.056640 0.026240 0.030500 0.023600
0 0.050740 0.022173 0.032500 0.021333
0 0.045740 0.018840 0.042500 0.021866
0 0.037440 0.015173 0.030900 0.019067
0 0.026410 0.050813 0.046800 0.029600
0 0.002310 0.028254 0.004620 0.007227
0 0.017825 0.047814 0.035650 0.028347
0 0.009015 0.036267 0.018030 0.010320
0 0.948210 0.160020 0.042100 0.037026
0 0.666080 0.720793 0.148080 0.176120
0 0.249590 0.395807 0.110720 0.088387
0 0.228635 0.366667 0.095310 0.064507
0 0.207670 0.335373 0.102840 0.043947
0 0.342995 0.008873 0.019070 0.017427
0 0.110350 0.044267 0.050300 0.024533
0 0.426500 0.871333 0.147000 0.185333
0 0.319500 0.731334 0.127000 0.137333
0 0.150000 0.534666 0.094000 0.093333
0 0.092500 0.459333 0.085000 0.086667
0 0.041500 0.398000 0.075000 0.073334
0 0.854500 0.870000 0.165000 0.230666
0 0.519500 0.631333 0.133000 0.129333
0 0.580500 0.682667 0.117000 0.144000
0 0.378500 0.491333 0.103000 0.094667
0 0.317300 0.461334 0.099400 0.093333
0 0.136000 0.280000 0.088000 0.066666
0 0.089550 0.252400 0.076900 0.056800
0 0.068100 0.235333 0.084200 0.060000
0 0.034500 0.212000 0.069000 0.050666
0 0.020150 0.194333 0.040300 0.030000
0 0.014500 0.162934 0.029000 0.031467
0 0.008500 0.140000 0.017000 0.016000
0 0.125200 0.106466 0.051200 0.034267
0 0.157500 0.120667 0.055000 0.036000
0 0.206500 0.146000 0.063000 0.038666
0 0.430500 0.271933 0.083000 0.061467
0 0.396100 0.258000 0.072200 0.049334
0 0.545000 0.332667 0.084000 0.060000
0 0.627000 0.372667 0.082000 0.065333
