0 0.091407 0.851698 0.094271 0.271748
0 0.895573 0.625932 0.140104 0.158244
0 0.816666 0.431235 0.122917 0.138359
0 0.528385 0.200083 0.072395 0.072080
0 0.447916 0.246065 0.084375 0.076222
0 0.392708 0.275891 0.075000 0.072908
0 0.304948 0.334300 0.077604 0.078708
0 0.190364 0.167772 0.061979 0.065451
0 0.146614 0.192627 0.056771 0.058823
0 0.075520 0.227424 0.045833 0.070423
0 0.050782 0.464789 0.081771 0.125932
0 0.584115 0.820215 0.129687 0.203811
0 0.416927 0.705468 0.108854 0.212924
0 0.304688 0.730323 0.092709 0.232808
0 0.198177 0.791632 0.093230 0.229494
