0 0.817054 0.522119 0.129308 0.059188
0 0.762645 0.541818 0.103675 0.148263
0 0.773338 0.473762 0.120509 0.075199
0 0.946541 0.552500 0.106917 0.125000
0 0.944033 0.487350 0.111933 0.111750
0 0.922871 0.454719 0.103292 0.117238
0 0.853050 0.227975 0.093400 0.114950
0 0.842812 0.200675 0.090091 0.107200
0 0.612680 0.015263 0.015025 0.030525
0 0.754713 0.482982 0.093509 0.136313
0 0.692541 0.207825 0.075117 0.098825
0 0.836638 0.681325 0.123375 0.145150
0 0.913291 0.740318 0.173417 0.216787
0 0.934050 0.856532 0.131900 0.250963
0 0.365617 0.033662 0.010083 0.011501
0 0.358908 0.029787 0.006333 0.019500
0 0.622154 0.492938 0.164075 0.270300
0 0.412338 0.139988 0.063259 0.055975
0 0.283758 0.067643 0.079450 0.065037
0 0.142917 0.022500 0.044167 0.030000
0 0.232083 0.015625 0.019167 0.031250
0 0.194167 0.016875 0.061667 0.033750
0 0.077083 0.024500 0.032500 0.023500
0 0.030000 0.030625 0.060000 0.061250
0 0.347292 0.019281 0.016750 0.038562
0 0.402309 0.481444 0.117733 0.082738
0 0.416017 0.492850 0.098300 0.063750
0 0.396041 0.440619 0.103683 0.071287
0 0.407092 0.394181 0.114767 0.155738
0 0.424913 0.355769 0.082841 0.112462
0 0.412492 0.305688 0.099100 0.070049
0 0.407500 0.298144 0.100834 0.102187
0 0.408850 0.246325 0.092284 0.072000
0 0.397300 0.216400 0.082584 0.097825
0 0.418366 0.174694 0.081833 0.105812
0 0.431970 0.125950 0.082075 0.111450
0 0.420162 0.088843 0.087909 0.107613
0 0.426250 0.035787 0.068000 0.071575
0 0.395546 0.027012 0.021192 0.054025
0 0.522958 0.464969 0.049450 0.111938
0 0.629196 0.353563 0.084308 0.035575
0 0.559000 0.352187 0.085150 0.113401
0 0.569575 0.296187 0.106366 0.076775
0 0.560025 0.274475 0.096550 0.098800
0 0.558404 0.215875 0.109475 0.171000
0 0.618942 0.225638 0.030533 0.103675
0 0.512317 0.191188 0.030600 0.108225
0 0.581929 0.147913 0.072692 0.055525
0 0.557050 0.108325 0.089284 0.059625
0 0.501408 0.031350 0.026150 0.062700
0 0.974175 0.941644 0.051650 0.116712
0 0.961471 0.916450 0.077058 0.167100
0 0.933266 0.788481 0.133467 0.173188
0 0.330341 0.034575 0.034183 0.069150
0 0.792954 0.596343 0.118192 0.157137
0 0.890371 0.709375 0.139342 0.182175
0 0.852550 0.589750 0.135300 0.070500
0 0.021667 0.145000 0.043333 0.110000
0 0.837562 0.622143 0.118075 0.152713
0 0.760521 0.397562 0.110525 0.098275
0 0.736808 0.387450 0.097800 0.141300
0 0.731116 0.289106 0.090183 0.084937
0 0.724962 0.328769 0.097591 0.097562
0 0.720155 0.224313 0.094675 0.093051
0 0.717267 0.266575 0.098000 0.101700
0 0.704571 0.149081 0.088692 0.062163
0 0.676983 0.152900 0.063800 0.093100
0 0.672300 0.128275 0.079666 0.101750
0 0.698504 0.098950 0.063158 0.056500
0 0.669250 0.079544 0.065400 0.055812
0 0.666750 0.070837 0.059000 0.067475
0 0.632333 0.068062 0.064700 0.082199
0 0.683983 0.042050 0.056667 0.062500
0 0.638725 0.015168 0.067750 0.030337
0 0.553238 0.073981 0.098959 0.147962
0 0.898425 0.404037 0.103216 0.115400
0 0.897142 0.334681 0.097683 0.089663
0 0.876558 0.294156 0.091450 0.102062
0 0.861942 0.251406 0.091167 0.115887
0 0.831292 0.193788 0.073700 0.109201
0 0.791442 0.169138 0.067500 0.085050
0 0.819696 0.115913 0.081858 0.054300
0 0.800242 0.103612 0.070750 0.065500
0 0.799350 0.068544 0.094500 0.137088
0 0.749287 0.079219 0.029841 0.081588
0 0.737067 0.046325 0.058250 0.084500
0 0.100000 0.890625 0.200000 0.213750
0 0.390416 0.937500 0.204167 0.125000
0 0.382500 0.836250 0.186666 0.187500
0 0.124167 0.785000 0.175000 0.210000
0 0.141088 0.712900 0.160241 0.186250
0 0.153454 0.643482 0.140842 0.194087
0 0.398221 0.775812 0.181242 0.138400
0 0.441684 0.771319 0.141867 0.186938
0 0.716666 0.935625 0.213333 0.128750
0 0.689584 0.890625 0.190833 0.218750
0 0.655000 0.852500 0.151666 0.217500
0 0.746250 0.820000 0.167500 0.232500
0 0.688750 0.718125 0.122500 0.048750
0 0.663333 0.705625 0.165000 0.153750
0 0.604583 0.687500 0.119167 0.170000
0 0.644583 0.599375 0.105833 0.061250
0 0.621250 0.589375 0.130834 0.061250
0 0.571667 0.562500 0.135000 0.182500
0 0.384583 0.690625 0.135833 0.121250
0 0.397917 0.631250 0.152500 0.100000
0 0.401334 0.576250 0.142333 0.102500
0 0.202083 0.608750 0.104167 0.152500
0 0.175000 0.508750 0.120000 0.077500
0 0.232500 0.519375 0.095000 0.153750
0 0.228500 0.482481 0.106850 0.128312
0 0.247291 0.409250 0.111017 0.132624
0 0.480233 0.598269 0.065733 0.150538
0 0.327758 0.619681 0.046483 0.152662
0 0.341263 0.548994 0.034425 0.037012
0 0.389641 0.510401 0.111283 0.041475
0 0.243229 0.345518 0.095258 0.091713
0 0.253296 0.303007 0.100492 0.111213
0 0.274754 0.245762 0.096858 0.114225
0 0.290054 0.212119 0.075558 0.095712
0 0.278921 0.173737 0.085292 0.074949
0 0.284696 0.143568 0.091758 0.100387
0 0.289042 0.102325 0.081833 0.047500
0 0.293721 0.048906 0.063658 0.097812
