0 0.152500 0.473764 0.191000 0.245877
0 0.669500 0.312144 0.209000 0.114542
0 0.668500 0.442279 0.175000 0.323838
0 0.528885 0.070278 0.045950 0.140555
0 0.496035 0.099221 0.087630 0.198441
0 0.430890 0.066716 0.091620 0.133433
0 0.432995 0.179663 0.092070 0.190630
0 0.416450 0.148891 0.057480 0.106687
0 0.873500 0.018741 0.047000 0.037481
0 0.909220 0.054483 0.027200 0.108966
0 0.776500 0.775562 0.347000 0.285757
0 0.790900 0.857496 0.318200 0.285007
0 0.948500 0.790105 0.103000 0.302848
0 0.625000 0.574963 0.234000 0.277361
0 0.303000 0.388306 0.178000 0.248876
0 0.231500 0.828336 0.285000 0.325337
0 0.222500 0.419040 0.193000 0.262369
0 0.394500 0.970765 0.307000 0.058471
0 0.588000 0.965517 0.212000 0.068966
0 0.623000 0.922039 0.284000 0.155922
0 0.427000 0.740630 0.230000 0.284857
0 0.132500 0.542728 0.203000 0.245877
0 0.491500 0.674662 0.223000 0.293853
0 0.114000 0.901799 0.228000 0.196402
0 0.008000 0.736881 0.016000 0.154423
0 0.069000 0.623688 0.138000 0.323838
0 0.876000 0.587706 0.230000 0.113943
0 0.937000 0.544978 0.126000 0.181409
0 0.971000 0.417542 0.058000 0.082459
0 0.971000 0.342579 0.058000 0.184408
0 0.981000 0.230884 0.038000 0.122939
0 0.969000 0.247376 0.062000 0.176911
0 0.983500 0.124438 0.033000 0.071964
0 0.981900 0.096552 0.036200 0.073163
0 0.947475 0.098913 0.105050 0.197826
0 0.024000 0.366567 0.048000 0.202399
0 0.016000 0.137182 0.032000 0.274363
0 0.082000 0.107946 0.114000 0.215892
0 0.329500 0.344828 0.167000 0.248875
0 0.270300 0.145427 0.270600 0.290855
0 0.420500 0.251124 0.055000 0.199401
0 0.545000 0.449775 0.204000 0.152924
0 0.726500 0.419040 0.089000 0.235383
0 0.670000 0.227886 0.204000 0.182908
0 0.712000 0.212144 0.192000 0.265368
0 0.699070 0.118238 0.203240 0.236477
