0 0.199500 0.195946 0.047000 0.067568
0 0.234500 0.180931 0.049000 0.052552
0 0.528500 0.222973 0.073000 0.082582
0 0.453000 0.270270 0.066000 0.069069
0 0.352500 0.241742 0.061000 0.066066
0 0.318000 0.262763 0.056000 0.069069
0 0.410500 0.296547 0.069000 0.082583
0 0.362000 0.322072 0.066000 0.073574
0 0.317500 0.355105 0.063000 0.073574
0 0.210000 0.150150 0.044000 0.048048
0 0.248000 0.137387 0.042000 0.046547
0 0.277900 0.122372 0.040200 0.049549
0 0.312500 0.148649 0.043000 0.057057
0 0.313000 0.104354 0.044000 0.043543
0 0.346500 0.093093 0.041000 0.045045
0 0.382500 0.118619 0.045000 0.048048
0 0.446500 0.090090 0.051000 0.054054
0 0.503000 0.063814 0.050000 0.049550
0 0.535000 0.050300 0.048000 0.049549
0 0.585600 0.004504 0.039200 0.009009
0 0.368000 0.033033 0.100000 0.066066
0 0.606500 0.198949 0.063000 0.052552
0 0.225500 0.313814 0.053000 0.072072
0 0.132000 0.369369 0.056000 0.072072
0 0.072500 0.394895 0.055000 0.084084
0 0.111000 0.472973 0.060000 0.084084
0 0.704000 0.147898 0.070000 0.061562
0 0.723000 0.049549 0.058000 0.045045
0 0.693500 0.033784 0.051000 0.049550
0 0.665500 0.029279 0.039000 0.037537
0 0.029000 0.274774 0.050000 0.075075
0 0.017000 0.232733 0.034000 0.039039
0 0.060500 0.222222 0.039000 0.057057
0 0.080000 0.262012 0.042000 0.067568
0 0.122500 0.240991 0.045000 0.070570
0 0.139500 0.189190 0.045000 0.051051
0 0.172000 0.171997 0.034000 0.046696
