0 0.482191 0.151325 0.126417 0.167202
0 0.466666 0.949130 0.278333 0.101740
0 0.105000 0.924364 0.210000 0.151272
0 0.071958 0.788488 0.143917 0.139223
0 0.087083 0.723561 0.174167 0.261044
0 0.123667 0.638555 0.207333 0.262383
0 0.185017 0.215247 0.156717 0.167737
0 0.450000 0.551928 0.201784 0.242062
0 0.456408 0.200402 0.167950 0.192289
0 0.713221 0.252570 0.154592 0.205328
0 0.711462 0.169103 0.149559 0.100214
0 0.703333 0.135877 0.145000 0.127176
0 0.702500 0.066935 0.126666 0.064257
0 0.677083 0.078982 0.130833 0.157965
0 0.469141 0.285583 0.170317 0.228005
0 0.445950 0.305669 0.166534 0.121299
0 0.447446 0.397029 0.174142 0.182115
0 0.503884 0.668662 0.217733 0.187363
0 0.509504 0.841486 0.257042 0.315208
0 0.195679 0.033929 0.137858 0.067858
0 0.159620 0.275984 0.162675 0.205114
0 0.174138 0.322785 0.166725 0.136493
0 0.208683 0.094531 0.127083 0.151553
0 0.179054 0.114089 0.148392 0.126091
0 0.187600 0.446673 0.158500 0.216372
0 0.134366 0.495140 0.195633 0.247121
0 0.401892 0.049913 0.082067 0.099826
0 0.488371 0.087176 0.131775 0.174351
0 0.404579 0.140790 0.105525 0.148514
0 0.599050 0.032885 0.013284 0.065770
0 0.617042 0.059812 0.027250 0.119625
0 0.735125 0.321955 0.138084 0.196787
0 0.800000 0.348058 0.183334 0.192771
0 0.843333 0.433735 0.175000 0.174030
0 0.784583 0.543507 0.200833 0.283802
0 0.900416 0.608433 0.199167 0.178045
0 0.886250 0.759036 0.214166 0.281124
0 0.916250 0.839357 0.167500 0.278447
0 0.920834 0.903614 0.158333 0.192771
