0 0.017448 0.496850 0.034895 0.019447
0 0.007718 0.492412 0.015435 0.011115
0 0.169328 0.526011 0.204295 0.115607
0 0.285407 0.555326 0.213987 0.154418
0 0.781388 0.641205 0.375551 0.345995
0 0.551294 0.595789 0.300826 0.243601
0 0.022670 0.497676 0.045341 0.021099
0 0.958287 0.578559 0.083425 0.200916
0 0.113563 0.521449 0.124945 0.100850
0 0.080782 0.524108 0.118624 0.089058
0 0.072290 0.515686 0.144581 0.086515
0 0.041371 0.494822 0.047048 0.020215
0 0.697800 0.492246 0.032582 0.013080
0 0.394245 0.571842 0.255451 0.190751
0 0.197962 0.545004 0.185573 0.133774
