0 0.049000 0.110000 0.058000 0.057334
0 0.158500 0.089333 0.039000 0.056000
0 0.027000 0.220666 0.054000 0.089333
0 0.171500 0.192666 0.075000 0.102667
0 0.219500 0.299333 0.077000 0.097333
0 0.382000 0.269334 0.066000 0.093333
0 0.232000 0.630000 0.100000 0.217334
0 0.154500 0.939334 0.287000 0.121333
0 0.861000 0.854000 0.278000 0.230666
0 0.661000 0.549334 0.128000 0.202667
0 0.215590 0.077287 0.048380 0.061160
0 0.801530 0.535127 0.141920 0.215960
0 0.930300 0.505406 0.139400 0.212013
0 0.977995 0.424667 0.043090 0.171387
0 0.401880 0.576866 0.091640 0.207227
0 0.948715 0.031426 0.102570 0.046347
0 0.761035 0.022667 0.083410 0.029813
