0 0.256667 0.666667 0.171667 0.241270
0 0.984166 0.105555 0.031667 0.211111
0 0.858334 0.087302 0.123333 0.174603
0 0.984584 0.254762 0.030833 0.214286
0 0.929167 0.736508 0.141667 0.263492
0 0.839584 0.821429 0.290833 0.357143
0 0.953750 0.489683 0.092500 0.255555
0 0.769583 0.447619 0.137500 0.234920
0 0.630417 0.173016 0.227500 0.346032
0 0.476667 0.069842 0.125000 0.139683
0 0.442084 0.209524 0.145833 0.231746
0 0.364584 0.419841 0.160833 0.249206
0 0.532500 0.446032 0.163334 0.269841
0 0.683750 0.645238 0.165834 0.268254
0 0.632084 0.888095 0.174167 0.223810
0 0.456667 0.716666 0.175000 0.252381
0 0.339166 0.945238 0.166667 0.109524
0 0.116250 0.864286 0.210834 0.271429
