0 0.663000 0.548667 0.128000 0.201333
0 0.538500 0.582667 0.111000 0.216000
0 0.234000 0.628667 0.098000 0.220000
0 0.116500 0.646667 0.123000 0.221333
0 0.155500 0.938000 0.287000 0.124000
0 0.493000 0.912667 0.300000 0.174667
0 0.861000 0.852666 0.278000 0.230667
0 0.935450 0.508333 0.129100 0.194000
0 0.979500 0.418667 0.041000 0.157333
0 0.853500 0.265333 0.141000 0.106667
0 0.697500 0.294666 0.133000 0.106667
0 0.477000 0.263333 0.076000 0.100000
0 0.383000 0.268000 0.064000 0.093334
0 0.304500 0.281333 0.065000 0.096000
0 0.220000 0.297333 0.076000 0.096000
0 0.137000 0.299333 0.084000 0.105333
0 0.045000 0.324666 0.090000 0.102667
0 0.173500 0.191333 0.073000 0.100000
0 0.094000 0.208667 0.068000 0.092000
0 0.029000 0.216666 0.058000 0.086667
0 0.014000 0.115333 0.028000 0.054667
0 0.054500 0.106666 0.053000 0.066667
0 0.108000 0.096000 0.050000 0.058666
0 0.163000 0.087334 0.046000 0.057333
0 0.503500 0.086667 0.099000 0.061333
0 0.616500 0.105333 0.101000 0.066667
0 0.733000 0.118000 0.110000 0.073334
0 0.887000 0.136667 0.146000 0.092000
0 0.936300 0.030666 0.096600 0.045333
0 0.221125 0.077174 0.053450 0.062907
0 0.401645 0.578867 0.093390 0.211200
0 0.802175 0.533686 0.143030 0.211347
0 0.029025 0.576740 0.057950 0.128786
