0 0.926427 0.085000 0.147147 0.100000
0 0.018018 0.100000 0.036036 0.060000
0 0.084084 0.065000 0.168168 0.130000
0 0.169670 0.072500 0.219219 0.145000
0 0.291291 0.080000 0.198198 0.160000
0 0.396396 0.067500 0.192192 0.135000
0 0.512012 0.037500 0.141142 0.075000
0 0.606607 0.035000 0.144144 0.070000
0 0.713213 0.030000 0.123123 0.060000
0 0.804805 0.030000 0.096096 0.060000
0 0.893393 0.030000 0.093093 0.060000
0 0.968468 0.012500 0.063063 0.025000
0 0.045045 0.900000 0.090090 0.200000
0 0.165165 0.735000 0.330330 0.520000
0 0.270271 0.702500 0.540541 0.595000
0 0.438438 0.642500 0.678679 0.555000
0 0.644144 0.590000 0.591592 0.530000
0 0.758258 0.530000 0.483483 0.480000
0 0.836337 0.365000 0.327327 0.210000
0 0.936937 0.265000 0.126126 0.060000
0 0.987988 0.225000 0.024024 0.030000
0 0.090090 0.300000 0.180180 0.230000
0 0.186186 0.245000 0.372372 0.230000
0 0.358858 0.237500 0.225225 0.185000
0 0.614114 0.197500 0.477478 0.245000
0 0.786787 0.157500 0.372372 0.205000
0 0.941442 0.147500 0.117117 0.165000
0 0.971472 0.027500 0.057057 0.035000
