0 0.922500 0.043449 0.026666 0.037241
0 0.956788 0.067469 0.041341 0.049504
0 0.945592 0.022069 0.028867 0.035944
0 0.921092 0.011393 0.020000 0.022786
0 0.983471 0.039166 0.029758 0.040925
0 0.745417 0.289655 0.077500 0.107586
0 0.969050 0.015076 0.004984 0.030152
0 0.684167 0.232414 0.020000 0.056552
0 0.686417 0.195827 0.060400 0.082193
0 0.709617 0.151124 0.044400 0.042662
0 0.878333 0.283448 0.076667 0.097931
0 0.871667 0.227586 0.058333 0.063448
0 0.750000 0.206207 0.083334 0.139310
0 0.757916 0.113103 0.049167 0.049655
0 0.789583 0.195172 0.059167 0.158621
0 0.828750 0.171034 0.027500 0.071725
0 0.890416 0.189655 0.059167 0.075862
0 0.830417 0.107586 0.059167 0.124138
0 0.868750 0.117931 0.019166 0.059310
0 0.855833 0.340000 0.083333 0.117242
0 0.191250 0.742069 0.307500 0.515862
0 0.402084 0.604138 0.130833 0.184828
0 0.560833 0.665517 0.160000 0.249655
0 0.769583 0.822069 0.177500 0.262069
0 0.792083 0.638621 0.139167 0.184827
0 0.614583 0.581380 0.115833 0.186207
0 0.477083 0.448966 0.127500 0.197241
0 0.637500 0.486207 0.115000 0.164138
0 0.824167 0.538620 0.118333 0.169655
0 0.843333 0.433104 0.105000 0.143449
0 0.679584 0.412414 0.100833 0.135172
0 0.577083 0.335172 0.092500 0.110345
0 0.624167 0.271724 0.075000 0.099310
0 0.702916 0.357241 0.090833 0.118621
0 0.809154 0.073118 0.018242 0.050455
0 0.908750 0.159310 0.054166 0.067586
0 0.926667 0.133103 0.043333 0.062069
0 0.937917 0.104828 0.042500 0.055173
0 0.886250 0.069655 0.039166 0.056552
0 0.849167 0.046896 0.035000 0.041379
0 0.880000 0.031034 0.031666 0.037241
0 0.911083 0.057241 0.031167 0.048276
0 0.905458 0.017290 0.027367 0.033641
