0 0.041667 0.488853 0.083333 0.057325
0 0.080000 0.542197 0.143334 0.119427
0 0.046250 0.532644 0.092500 0.109873
0 0.014583 0.441879 0.029167 0.049364
0 0.271250 0.982484 0.180834 0.035032
0 0.955317 0.417508 0.044467 0.051162
0 0.817004 0.425262 0.047908 0.042245
0 0.891071 0.424793 0.068292 0.046942
0 0.912500 0.749203 0.175000 0.441083
0 0.717917 0.700637 0.259167 0.372612
0 0.543750 0.661624 0.194166 0.275478
0 0.409583 0.636942 0.230833 0.248407
0 0.311250 0.599522 0.234166 0.237261
0 0.212083 0.583599 0.177500 0.195860
0 0.126667 0.578821 0.185000 0.173567
0 0.853237 0.425254 0.028009 0.035669
0 0.647100 0.407826 0.030684 0.022627
