0 0.708398 0.630000 0.205078 0.320000
0 0.850391 0.216875 0.179687 0.258750
0 0.906836 0.125625 0.180078 0.251250
0 0.804102 0.953750 0.169921 0.092500
0 0.857031 0.898125 0.207813 0.203750
0 0.919141 0.821250 0.161719 0.322500
0 0.941406 0.651250 0.117188 0.250000
0 0.964844 0.486875 0.070312 0.133750
0 0.986133 0.358125 0.027734 0.121250
0 0.842188 0.361875 0.181250 0.296250
0 0.055859 0.738750 0.111719 0.325000
0 0.089649 0.596250 0.179297 0.280000
0 0.023242 0.313125 0.046484 0.178750
0 0.059961 0.166875 0.119922 0.328750
0 0.770898 0.476250 0.195703 0.295000
0 0.152734 0.444375 0.200781 0.323750
0 0.204688 0.303125 0.164843 0.251250
0 0.120313 0.111250 0.172657 0.222500
0 0.201367 0.054375 0.120703 0.108750
0 0.304492 0.223125 0.191797 0.283750
0 0.338867 0.101875 0.157422 0.203750
0 0.420899 0.049375 0.113671 0.098750
0 0.448047 0.549375 0.172656 0.361250
0 0.465820 0.930000 0.175391 0.140000
0 0.569531 0.838750 0.189844 0.322500
0 0.641992 0.770625 0.192578 0.321250
