0 0.058073 0.387240 0.096354 0.115727
0 0.080209 0.906033 0.146875 0.187933
0 0.321615 0.911474 0.140104 0.177052
0 0.527604 0.870920 0.147916 0.258160
0 0.790625 0.972305 0.165625 0.055391
0 0.713802 0.869436 0.152604 0.227498
0 0.933073 0.915925 0.133854 0.168150
0 0.111979 0.780416 0.131250 0.233433
0 0.290104 0.820970 0.125000 0.223541
0 0.269010 0.698319 0.097396 0.170129
0 0.084635 0.623145 0.118229 0.217607
0 0.066666 0.479229 0.102083 0.169139
0 0.032292 0.311078 0.064583 0.121662
0 0.029948 0.220079 0.059896 0.093966
0 0.007812 0.138477 0.015625 0.083086
0 0.263020 0.593967 0.103125 0.153313
0 0.253646 0.510385 0.095834 0.122651
0 0.216927 0.451039 0.093229 0.150347
0 0.203646 0.388230 0.088542 0.135509
0 0.172917 0.334817 0.082291 0.127596
0 0.163542 0.262611 0.076042 0.101879
0 0.126823 0.200296 0.073438 0.117705
0 0.095573 0.131553 0.072396 0.124629
0 0.079427 0.094955 0.052604 0.085065
0 0.044271 0.055886 0.056250 0.095945
0 0.024740 0.036597 0.049479 0.073195
0 0.454688 0.706232 0.121875 0.195845
0 0.392969 0.537092 0.103646 0.164194
0 0.335156 0.418893 0.095312 0.133531
0 0.275000 0.284867 0.083334 0.138477
0 0.233334 0.199308 0.073959 0.125618
0 0.193750 0.128091 0.072916 0.109792
0 0.133177 0.045994 0.069480 0.091988
0 0.085677 0.024728 0.042188 0.049456
0 0.652084 0.706726 0.133333 0.204748
0 0.587239 0.614243 0.119271 0.174085
0 0.545312 0.509891 0.120833 0.182987
0 0.498698 0.442631 0.090104 0.139466
0 0.451302 0.371909 0.095312 0.140454
0 0.432552 0.294758 0.079688 0.090999
0 0.390625 0.246290 0.087500 0.126607
0 0.355208 0.192383 0.078125 0.097923
0 0.307813 0.142433 0.065625 0.090999
0 0.272943 0.103858 0.063594 0.087043
0 0.249974 0.071217 0.058386 0.081108
0 0.212573 0.036983 0.054990 0.073966
0 0.185151 0.026449 0.031562 0.052898
0 0.164062 0.007987 0.012083 0.015974
0 0.827865 0.745302 0.143229 0.200791
0 0.773698 0.616716 0.140104 0.184966
0 0.694792 0.510386 0.115625 0.146390
0 0.652865 0.437191 0.122396 0.132542
0 0.590364 0.363996 0.097395 0.120672
0 0.545573 0.310089 0.092188 0.119684
0 0.515057 0.262265 0.090667 0.132878
0 0.471971 0.209491 0.077974 0.127745
0 0.421263 0.170663 0.073672 0.092562
0 0.397701 0.119025 0.067369 0.055005
0 0.369669 0.103274 0.068547 0.078338
0 0.349711 0.076132 0.063818 0.071651
0 0.347094 0.044945 0.081458 0.077547
0 0.300911 0.030282 0.051667 0.060564
0 0.263919 0.016316 0.041984 0.032631
0 0.239526 0.004851 0.007698 0.009703
0 0.980209 0.734916 0.039583 0.174085
0 0.912760 0.576163 0.153645 0.200791
0 0.840105 0.501483 0.115625 0.144411
0 0.769532 0.415925 0.110937 0.125618
0 0.707291 0.331355 0.096875 0.114738
0 0.639323 0.268546 0.092188 0.111770
0 0.576016 0.207023 0.076093 0.083680
0 0.539172 0.158942 0.081812 0.076914
0 0.482003 0.121296 0.074401 0.069792
