0 0.461500 0.485526 0.183000 0.178947
0 0.811500 0.010526 0.057000 0.021053
0 0.504500 0.403289 0.179000 0.175000
0 0.547000 0.324342 0.178000 0.172368
0 0.593000 0.244737 0.178000 0.173684
0 0.634500 0.164473 0.175000 0.171053
0 0.655000 0.086842 0.202000 0.173684
0 0.710200 0.046711 0.187600 0.093421
0 0.405700 0.978948 0.116200 0.042105
0 0.484200 0.936184 0.190400 0.127632
0 0.530500 0.869737 0.191000 0.192105
0 0.579500 0.780921 0.187000 0.185526
0 0.622500 0.691447 0.185000 0.185527
0 0.668400 0.607236 0.184800 0.180263
0 0.711000 0.526973 0.178000 0.167105
0 0.756000 0.441447 0.180000 0.177631
0 0.798000 0.363158 0.180000 0.171052
0 0.840000 0.280526 0.180000 0.173158
0 0.870000 0.200000 0.198000 0.165790
0 0.907500 0.121447 0.185000 0.172895
0 0.931500 0.059868 0.137000 0.119737
0 0.741500 0.954605 0.167000 0.090789
0 0.797500 0.905921 0.191000 0.182894
0 0.840500 0.816447 0.191000 0.188158
0 0.883500 0.730921 0.187000 0.182894
0 0.916500 0.646710 0.167000 0.180263
0 0.938000 0.553948 0.124000 0.157895
0 0.960000 0.457237 0.080000 0.109210
0 0.981000 0.367105 0.038000 0.092105
0 0.137500 0.962500 0.155000 0.075000
0 0.016000 0.923684 0.032000 0.097368
0 0.044000 0.815132 0.088000 0.161842
0 0.210000 0.913158 0.198000 0.173684
0 0.263500 0.836184 0.191000 0.180263
0 0.069500 0.711842 0.139000 0.173684
0 0.097500 0.617763 0.195000 0.185526
0 0.314500 0.743618 0.189000 0.178553
0 0.008000 0.434210 0.016000 0.071053
0 0.033500 0.334210 0.067000 0.139473
0 0.059000 0.240131 0.118000 0.169737
0 0.149500 0.533553 0.189000 0.175000
0 0.082500 0.155263 0.165000 0.171052
0 0.123500 0.084210 0.183000 0.168421
0 0.181000 0.045394 0.166000 0.090789
0 0.200500 0.444079 0.189000 0.185526
0 0.248500 0.365131 0.185000 0.180263
0 0.296000 0.286842 0.180000 0.173684
0 0.342000 0.207236 0.178000 0.169737
0 0.388500 0.126974 0.177000 0.175000
0 0.435500 0.068421 0.175000 0.136842
0 0.503000 0.026316 0.092000 0.052632
0 0.364000 0.654605 0.188000 0.182895
0 0.414500 0.568422 0.185000 0.181579
