0 0.250521 0.970313 0.246875 0.059375
0 0.386459 0.758594 0.222917 0.310937
0 0.670833 0.854688 0.214583 0.290625
0 0.047917 0.835938 0.095833 0.328125
0 0.097917 0.566406 0.195833 0.282812
0 0.208854 0.279688 0.178125 0.231251
0 0.224479 0.102344 0.157292 0.182813
0 0.296354 0.034375 0.142708 0.068750
0 0.434895 0.372656 0.178125 0.279687
0 0.487500 0.200000 0.160416 0.237500
0 0.496875 0.055468 0.131250 0.110937
0 0.706250 0.121094 0.158334 0.229687
0 0.713542 0.454688 0.183333 0.268751
0 0.729688 0.014844 0.126041 0.029687
