0 0.282430 0.044640 0.026280 0.023040
0 0.558000 0.978666 0.114000 0.042667
0 0.430000 0.865333 0.148000 0.178667
0 0.320000 0.731334 0.128000 0.137333
0 0.212000 0.619333 0.106000 0.113333
0 0.149500 0.536000 0.093000 0.098666
0 0.041500 0.397333 0.075000 0.072000
0 0.009000 0.328000 0.018000 0.050666
0 0.844000 0.572666 0.124000 0.121333
0 0.726500 0.518666 0.111000 0.090667
0 0.985000 0.438000 0.030000 0.062666
0 0.955000 0.372000 0.076000 0.077334
0 0.905550 0.314000 0.071100 0.073334
0 0.838500 0.873333 0.175000 0.216000
0 0.575000 0.679334 0.118000 0.137333
0 0.519500 0.631333 0.133000 0.129333
0 0.466000 0.576000 0.120000 0.112000
0 0.408000 0.534000 0.116000 0.094666
0 0.377000 0.492000 0.104000 0.096000
0 0.262550 0.384000 0.119100 0.069334
0 0.137000 0.279334 0.084000 0.065333
0 0.097500 0.266000 0.071000 0.052000
0 0.064400 0.232666 0.074800 0.049333
0 0.668500 0.406000 0.101000 0.076000
0 0.627000 0.372000 0.082000 0.066666
0 0.586000 0.352000 0.080000 0.061334
0 0.543500 0.332667 0.081000 0.060000
0 0.514500 0.306000 0.081000 0.060000
0 0.466000 0.293334 0.076000 0.053333
0 0.081150 0.248000 0.088300 0.056000
0 0.429000 0.270666 0.082000 0.058667
0 0.397350 0.259333 0.074700 0.049333
0 0.377800 0.233333 0.077600 0.045333
0 0.342600 0.222666 0.055200 0.045333
0 0.612500 0.261333 0.075000 0.064000
0 0.572500 0.247267 0.065000 0.057467
0 0.539500 0.232667 0.063000 0.052000
0 0.517800 0.214666 0.063600 0.050667
0 0.481850 0.203333 0.061700 0.044000
0 0.770500 0.201267 0.067000 0.047867
0 0.707000 0.082667 0.044000 0.032000
0 0.046490 0.222533 0.066940 0.048773
0 0.033260 0.210260 0.066520 0.052760
0 0.028655 0.193667 0.057310 0.036160
0 0.228170 0.371594 0.092560 0.076627
0 0.207925 0.336840 0.104650 0.043840
0 0.015045 0.161187 0.030090 0.032800
0 0.010175 0.139227 0.020350 0.017307
0 0.327930 0.204626 0.066140 0.049253
0 0.297065 0.197387 0.054070 0.042693
0 0.281865 0.185633 0.062650 0.043320
0 0.261000 0.174654 0.069200 0.040533
0 0.239860 0.162366 0.061720 0.037827
0 0.209890 0.156674 0.044000 0.035027
0 0.206830 0.144640 0.061400 0.038880
0 0.177355 0.138406 0.043310 0.036307
0 0.174110 0.127127 0.056240 0.031800
0 0.142630 0.123067 0.047100 0.035600
0 0.143730 0.110600 0.059700 0.028266
0 0.117180 0.108333 0.037800 0.030933
0 0.002655 0.027754 0.005310 0.006333
0 0.288235 0.432073 0.101610 0.084333
0 0.667085 0.719747 0.149210 0.176000
0 0.744265 0.792560 0.169410 0.203520
0 0.161285 0.008367 0.025810 0.016733
0 0.173280 0.010534 0.020400 0.020667
0 0.179730 0.010800 0.018500 0.019066
0 0.195030 0.014666 0.040500 0.023867
0 0.213280 0.021466 0.034200 0.020667
0 0.224800 0.023413 0.025800 0.016800
0 0.243985 0.029614 0.038430 0.024293
0 0.256090 0.038400 0.029040 0.024640
0 0.273305 0.040320 0.029410 0.022400
0 0.294495 0.050480 0.035990 0.026080
0 0.312070 0.054160 0.026520 0.022240
0 0.326590 0.059600 0.032280 0.027040
0 0.343390 0.063253 0.031080 0.023573
0 0.366995 0.069626 0.043890 0.026453
0 0.369340 0.078526 0.036280 0.027987
0 0.395490 0.082706 0.036200 0.029067
0 0.409390 0.088700 0.037600 0.028546
0 0.441345 0.093373 0.046110 0.031733
0 0.450090 0.102040 0.041000 0.028266
0 0.472970 0.106867 0.048960 0.037440
0 0.494150 0.113427 0.036600 0.032960
0 0.515870 0.120147 0.045240 0.035200
0 0.546230 0.127267 0.048360 0.032160
0 0.557330 0.141587 0.049440 0.038080
0 0.595250 0.150227 0.060480 0.042880
0 0.628610 0.162147 0.049200 0.037600
0 0.660480 0.172486 0.051700 0.042573
0 0.697980 0.180820 0.058440 0.042040
0 0.142540 0.007393 0.015100 0.014413
0 0.134795 0.006300 0.015810 0.012334
0 0.114530 0.099466 0.057900 0.030267
0 0.112280 0.083667 0.035800 0.014667
0 0.083780 0.089133 0.036200 0.028800
0 0.079930 0.078200 0.046300 0.028800
0 0.055980 0.073333 0.037400 0.025733
0 0.042400 0.068466 0.036800 0.026133
0 0.044800 0.060200 0.047600 0.022400
0 0.029350 0.056600 0.045900 0.025866
0 0.028350 0.052533 0.054500 0.024667
0 0.016290 0.039893 0.032500 0.018267
0 0.067970 0.007753 0.019940 0.015507
0 0.041840 0.018440 0.037800 0.023734
0 0.053575 0.022580 0.033870 0.023266
0 0.066400 0.029334 0.031800 0.022933
0 0.071300 0.035787 0.027600 0.018800
0 0.091440 0.034947 0.033120 0.021440
0 0.102720 0.038067 0.045120 0.026720
0 0.109700 0.044360 0.047200 0.023200
0 0.116000 0.048760 0.043600 0.025334
0 0.126800 0.051426 0.044800 0.023733
0 0.136150 0.056760 0.049900 0.031466
0 0.153500 0.061026 0.043400 0.025867
0 0.159600 0.067694 0.042400 0.029333
0 0.173840 0.071773 0.041400 0.028000
0 0.183940 0.077040 0.035600 0.028666
0 0.189640 0.082906 0.025000 0.028933
0 0.199450 0.092773 0.016680 0.021760
0 0.220510 0.096453 0.044160 0.030400
0 0.239470 0.101813 0.053040 0.035680
0 0.257770 0.108293 0.057720 0.039680
0 0.280810 0.116133 0.053880 0.033600
0 0.292330 0.124373 0.048600 0.032800
0 0.305170 0.134533 0.047400 0.033600
0 0.333610 0.142693 0.069240 0.038720
0 0.354370 0.152373 0.055320 0.037600
0 0.378875 0.159586 0.055870 0.038213
0 0.401120 0.168606 0.058900 0.043587
0 0.426105 0.180800 0.064510 0.042240
0 0.445975 0.193947 0.067110 0.047040
