0 0.045500 0.906000 0.091000 0.188000
0 0.357000 0.926667 0.342000 0.146667
0 0.901500 0.944667 0.197000 0.110667
0 0.786700 0.623134 0.121400 0.198267
0 0.637500 0.609333 0.109000 0.208000
0 0.488500 0.602000 0.097000 0.204000
0 0.368000 0.585333 0.104000 0.200000
0 0.229500 0.581333 0.149000 0.237333
0 0.111500 0.554667 0.159000 0.192000
0 0.042500 0.517333 0.085000 0.176000
0 0.027200 0.264667 0.054400 0.086667
0 0.090500 0.265333 0.111000 0.096000
0 0.185000 0.263333 0.096000 0.086667
0 0.273500 0.267333 0.089000 0.092000
0 0.351000 0.273334 0.080000 0.085333
0 0.450000 0.279334 0.058000 0.081333
0 0.531000 0.284000 0.058000 0.088000
0 0.620500 0.283334 0.065000 0.094667
0 0.711000 0.298000 0.064000 0.086666
0 0.787500 0.284666 0.069000 0.105333
0 0.879500 0.303333 0.095000 0.092000
0 0.961500 0.316000 0.077000 0.101334
0 0.965500 0.207333 0.069000 0.092000
0 0.906500 0.212000 0.079000 0.088000
0 0.826500 0.207333 0.083000 0.084000
0 0.752500 0.193333 0.067000 0.096000
0 0.685500 0.195333 0.061000 0.084000
0 0.616000 0.185333 0.052000 0.088000
0 0.533000 0.182667 0.054000 0.080000
0 0.463000 0.184667 0.048000 0.081333
0 0.394500 0.180667 0.053000 0.078667
0 0.330000 0.172667 0.070000 0.081333
0 0.259000 0.172667 0.076000 0.078667
0 0.176500 0.160666 0.079000 0.086667
0 0.111500 0.158000 0.079000 0.078666
0 0.155500 0.062000 0.051000 0.057334
0 0.382000 0.072000 0.046000 0.053334
0 0.432000 0.074666 0.038000 0.050667
0 0.590500 0.087333 0.037000 0.052000
0 0.699450 0.088667 0.048900 0.054667
0 0.649500 0.086000 0.045000 0.062666
0 0.819000 0.098133 0.062000 0.054933
0 0.877500 0.099333 0.051000 0.049333
0 0.933000 0.101333 0.056000 0.056000
0 0.484870 0.077287 0.037920 0.054547
0 0.539520 0.079273 0.038520 0.048173
0 0.755105 0.087247 0.049870 0.053747
0 0.878255 0.020760 0.072910 0.039414
0 0.618795 0.014060 0.065090 0.028120
0 0.014435 0.142387 0.028870 0.055360
