0 0.784500 0.624667 0.123000 0.204000
0 0.060425 0.054560 0.073270 0.048160
0 0.158715 0.060754 0.060370 0.060547
0 0.076000 0.914000 0.152000 0.172000
0 0.359000 0.924000 0.280000 0.152000
0 0.773500 0.940000 0.301000 0.120000
0 0.636000 0.608000 0.106000 0.208000
0 0.491000 0.600000 0.096000 0.202666
0 0.368500 0.585333 0.105000 0.200000
0 0.237000 0.578000 0.154000 0.233334
0 0.038000 0.527334 0.076000 0.145333
0 0.023000 0.264000 0.046000 0.088000
0 0.086000 0.263333 0.104000 0.089333
0 0.184000 0.262667 0.092000 0.088000
0 0.275500 0.266666 0.087000 0.093333
0 0.351500 0.272667 0.079000 0.086667
0 0.711500 0.297334 0.065000 0.090667
0 0.794000 0.300666 0.092000 0.086667
0 0.879500 0.304667 0.093000 0.092000
0 0.961500 0.316000 0.077000 0.104000
0 0.045500 0.159334 0.085000 0.078667
0 0.109900 0.156000 0.080200 0.077334
0 0.178300 0.158667 0.081600 0.082667
0 0.330000 0.170000 0.068000 0.081334
0 0.394500 0.180000 0.051000 0.077334
0 0.465000 0.181333 0.048000 0.077333
0 0.532000 0.182667 0.050000 0.082667
0 0.611000 0.180000 0.056000 0.090666
0 0.688500 0.193333 0.053000 0.082667
0 0.754000 0.190666 0.068000 0.098667
0 0.833000 0.201333 0.070000 0.082667
0 0.907000 0.211334 0.078000 0.089333
0 0.971500 0.212000 0.057000 0.085334
0 0.259500 0.170000 0.073000 0.076000
0 0.221300 0.060000 0.052600 0.053334
0 0.269000 0.066000 0.054000 0.052000
0 0.324500 0.067333 0.047000 0.052000
0 0.380950 0.072000 0.046100 0.053334
0 0.540000 0.074000 0.040000 0.068000
0 0.595000 0.083334 0.042000 0.054667
0 0.647500 0.083334 0.047000 0.062667
0 0.702000 0.088000 0.048000 0.058666
0 0.755250 0.089333 0.052900 0.061333
0 0.816500 0.098667 0.065000 0.058667
0 0.935000 0.102666 0.058000 0.058667
0 0.009830 0.147346 0.019660 0.064827
0 0.483865 0.077187 0.039070 0.048507
