0 0.922000 0.506667 0.156000 0.200000
0 0.808000 0.541334 0.146000 0.210667
0 0.446000 0.914200 0.354000 0.171600
0 0.666500 0.552000 0.139000 0.234666
0 0.541000 0.559334 0.106000 0.214667
0 0.411000 0.592667 0.106000 0.236000
0 0.261000 0.600000 0.110000 0.224000
0 0.121000 0.628667 0.146000 0.265333
0 0.017500 0.624667 0.035000 0.134667
0 0.978000 0.416667 0.044000 0.148000
0 0.808500 0.277133 0.165000 0.103600
0 0.636500 0.302000 0.155000 0.105334
0 0.487000 0.247333 0.060000 0.089333
0 0.395000 0.266667 0.060000 0.090667
0 0.304000 0.284000 0.066000 0.098666
0 0.219000 0.290000 0.084000 0.097334
0 0.126500 0.308667 0.091000 0.100000
0 0.034500 0.331333 0.069000 0.094667
0 0.026050 0.225400 0.052100 0.093466
0 0.091000 0.208000 0.082000 0.101334
0 0.173500 0.193333 0.073000 0.101333
0 0.010000 0.116000 0.020000 0.053334
0 0.049500 0.110667 0.055000 0.056000
0 0.106500 0.103333 0.059000 0.062667
0 0.163500 0.092666 0.051000 0.065333
0 0.218700 0.084667 0.051400 0.060000
0 0.112000 0.945334 0.224000 0.109333
0 0.337100 0.089333 0.091800 0.064000
0 0.462900 0.084000 0.082200 0.064000
0 0.559400 0.086667 0.086000 0.069333
0 0.655800 0.106000 0.114400 0.084000
0 0.816000 0.128000 0.120000 0.085334
0 0.948000 0.152733 0.104000 0.089467
0 0.864500 0.848666 0.271000 0.233333
