0 0.926500 0.495333 0.147000 0.233333
0 0.126500 0.937334 0.253000 0.125333
0 0.446000 0.916667 0.350000 0.166667
0 0.979500 0.408000 0.041000 0.136000
0 0.818500 0.530667 0.159000 0.237333
0 0.672500 0.540667 0.125000 0.238667
0 0.542000 0.559334 0.090000 0.177333
0 0.410000 0.590667 0.104000 0.232000
0 0.280000 0.598666 0.102000 0.226667
0 0.135000 0.642667 0.122000 0.242667
0 0.017000 0.620667 0.034000 0.132000
0 0.127000 0.315333 0.078000 0.105333
0 0.219000 0.297333 0.084000 0.112000
0 0.383000 0.266667 0.072000 0.098667
0 0.487500 0.246000 0.059000 0.086666
0 0.636000 0.302000 0.156000 0.102666
0 0.816000 0.128667 0.120000 0.078667
0 0.337000 0.090000 0.092000 0.062666
0 0.461900 0.084000 0.086200 0.064000
0 0.391000 0.015333 0.064000 0.030667
0 0.987000 0.030666 0.026000 0.061333
0 0.172500 0.192000 0.071000 0.098666
0 0.090700 0.206667 0.081400 0.098667
0 0.024000 0.225333 0.048000 0.090667
0 0.050000 0.109333 0.058000 0.056000
0 0.009000 0.116667 0.018000 0.052000
0 0.560390 0.086240 0.095420 0.068800
