0 0.077083 0.372362 0.107291 0.142315
0 0.207552 0.418982 0.139062 0.134259
0 0.333594 0.316666 0.121354 0.116667
0 0.391381 0.280371 0.106823 0.094815
0 0.455573 0.258333 0.097188 0.085185
0 0.933593 0.231944 0.039063 0.093519
0 0.890599 0.255555 0.040677 0.083333
0 0.800234 0.258796 0.082761 0.078704
0 0.698802 0.172315 0.071458 0.031667
0 0.669270 0.200926 0.090625 0.055556
0 0.604167 0.269444 0.076042 0.101851
0 0.664322 0.296760 0.069271 0.115741
0 0.546615 0.110185 0.038021 0.038889
0 0.734375 0.311111 0.063542 0.129630
0 0.807553 0.356482 0.061979 0.116667
0 0.880989 0.390741 0.060937 0.155556
0 0.818230 0.524537 0.171875 0.158334
0 0.812500 0.643981 0.212500 0.208333
0 0.581511 0.514814 0.201563 0.209259
0 0.228646 0.782408 0.254167 0.390741
0 0.380468 0.836574 0.298437 0.326852
0 0.591146 0.926389 0.194792 0.147222
0 0.667188 0.019444 0.016667 0.024074
0 0.556536 0.027223 0.012865 0.019259
0 0.529166 0.017175 0.013541 0.019537
0 0.501041 0.028241 0.011459 0.019444
0 0.505260 0.015972 0.013646 0.015278
0 0.299844 0.028241 0.020104 0.025000
0 0.638021 0.117129 0.081250 0.091667
0 0.710677 0.139815 0.098438 0.096296
0 0.649789 0.066143 0.009058 0.016435
0 0.671245 0.081546 0.039688 0.055111
