0 0.544531 0.873239 0.326562 0.253521
0 0.856250 0.873239 0.287500 0.253521
0 0.101914 0.544002 0.203828 0.135798
0 0.055468 0.508216 0.110937 0.082160
0 0.046875 0.460094 0.093750 0.042254
0 0.909375 0.522301 0.181250 0.147887
0 0.620313 0.476525 0.137501 0.107981
0 0.512499 0.469483 0.096875 0.098591
0 0.404688 0.454226 0.137500 0.091549
0 0.339063 0.447183 0.121875 0.086854
0 0.289062 0.421361 0.096875 0.063381
0 0.809375 0.463615 0.087500 0.096244
0 0.914844 0.454226 0.151562 0.091549
0 0.672656 0.440141 0.092187 0.082160
0 0.583593 0.410798 0.079687 0.037558
0 0.543750 0.401409 0.090626 0.037559
0 0.478125 0.415493 0.059375 0.046948
0 0.449219 0.389672 0.079688 0.037559
0 0.526797 0.379108 0.068281 0.035212
0 0.594531 0.357981 0.107813 0.082160
0 0.689063 0.390846 0.059375 0.044601
0 0.690625 0.362676 0.056250 0.035212
0 0.028047 0.403404 0.010156 0.019014
0 0.050625 0.395775 0.020312 0.041784
0 0.064766 0.392488 0.028906 0.036150
0 0.074922 0.397417 0.020781 0.037089
0 0.085469 0.398826 0.025937 0.041784
0 0.099610 0.399531 0.016093 0.046479
0 0.120860 0.405281 0.027657 0.045305
0 0.143750 0.404812 0.023438 0.039202
0 0.186640 0.406338 0.027969 0.075118
0 0.250781 0.402582 0.110938 0.082160
0 0.834094 0.350140 0.059813 0.019155
0 0.896625 0.359718 0.070125 0.033803
0 0.985907 0.407712 0.028187 0.067911
0 0.949219 0.394484 0.092188 0.051878
0 0.873437 0.392018 0.096875 0.051643
0 0.814844 0.390846 0.092188 0.068075
0 0.750781 0.392019 0.079687 0.070422
