0 0.499603 0.810119 0.229365 0.182142
0 0.150397 0.840476 0.291270 0.200000
0 0.948412 0.042262 0.088889 0.084524
0 0.842460 0.027381 0.081746 0.054762
0 0.747619 0.050000 0.082540 0.100000
0 0.638889 0.034524 0.082540 0.069048
0 0.527778 0.037500 0.074603 0.075000
0 0.425000 0.030953 0.075396 0.061905
0 0.313095 0.035119 0.080159 0.070238
0 0.190476 0.024405 0.085714 0.048810
0 0.063889 0.030953 0.092857 0.061905
0 0.228571 0.483333 0.120635 0.323809
0 0.382937 0.512500 0.096031 0.325000
0 0.511111 0.507143 0.100000 0.321428
0 0.640873 0.533929 0.100794 0.277381
0 0.765873 0.510119 0.126984 0.308334
0 0.902381 0.501785 0.130158 0.317857
0 0.851984 0.842262 0.272222 0.179762
