0 0.715791 0.091630 0.016917 0.015284
0 0.746792 0.086317 0.013250 0.013391
0 0.782217 0.115560 0.032833 0.022853
0 0.729291 0.115575 0.024583 0.017468
0 0.772666 0.123727 0.026167 0.016885
0 0.914142 0.112518 0.039750 0.020524
0 0.973363 0.113828 0.041441 0.023290
0 0.980291 0.202038 0.039417 0.040670
0 0.968209 0.041485 0.009917 0.009025
0 0.440917 0.111936 0.024333 0.011644
0 0.497583 0.105968 0.019000 0.016594
0 0.498625 0.150174 0.020250 0.027569
0 0.508292 0.159534 0.038417 0.033188
0 0.329250 0.215575 0.059834 0.025036
0 0.312875 0.222417 0.052750 0.022707
0 0.293292 0.229475 0.051583 0.022853
0 0.268084 0.250364 0.068167 0.057350
0 0.411792 0.132969 0.008250 0.030131
0 0.362459 0.204367 0.045417 0.026492
0 0.043375 0.262511 0.086750 0.060568
0 0.068504 0.251710 0.093125 0.061208
0 0.518250 0.162955 0.040834 0.034206
0 0.526583 0.166885 0.036667 0.033334
0 0.532666 0.169650 0.040833 0.036535
0 0.536250 0.171980 0.037334 0.034789
0 0.101988 0.243436 0.092159 0.063523
0 0.153708 0.230648 0.083283 0.056812
0 0.179708 0.219068 0.070083 0.047743
0 0.205542 0.212009 0.066750 0.047016
0 0.235750 0.200873 0.066834 0.049491
0 0.254541 0.192285 0.070083 0.046288
0 0.282000 0.189592 0.045834 0.042358
0 0.291125 0.182897 0.060916 0.043231
0 0.313917 0.178602 0.048500 0.037263
0 0.322542 0.176565 0.040917 0.037264
0 0.334375 0.172417 0.053750 0.039447
0 0.349792 0.168777 0.041250 0.035662
0 0.366084 0.148763 0.030833 0.016885
0 0.358567 0.158108 0.043800 0.027424
0 0.373791 0.144541 0.015083 0.011353
0 0.067125 0.208078 0.045084 0.012955
0 0.031500 0.214614 0.063000 0.022009
0 0.013083 0.224337 0.026167 0.020495
0 0.130375 0.196580 0.023750 0.016157
0 0.093625 0.202329 0.055084 0.026200
0 0.146500 0.190102 0.047166 0.022708
0 0.173834 0.185953 0.021833 0.015575
0 0.203417 0.175619 0.028167 0.012955
0 0.220250 0.169069 0.032500 0.009461
0 0.260458 0.159170 0.045083 0.014993
0 0.240791 0.162955 0.039917 0.015575
0 0.303083 0.152111 0.022500 0.010189
0 0.313458 0.148108 0.028583 0.010917
0 0.324416 0.144323 0.026667 0.014993
0 0.337792 0.138428 0.030750 0.013974
0 0.006625 0.201521 0.013250 0.015298
0 0.065417 0.520379 0.130833 0.179039
0 0.018291 0.186681 0.036583 0.033624
0 0.286000 0.154003 0.030000 0.012810
0 0.539459 0.185153 0.032417 0.040466
0 0.905417 0.767103 0.189167 0.346434
0 0.702916 0.754730 0.169167 0.365357
0 0.504166 0.720524 0.163333 0.328966
0 0.314167 0.723436 0.205000 0.334789
0 0.142500 0.695779 0.233334 0.337700
0 0.171250 0.505822 0.170834 0.205241
0 0.116250 0.381368 0.167500 0.113537
0 0.298333 0.534934 0.140000 0.179039
0 0.440833 0.537845 0.115000 0.158661
0 0.584417 0.548763 0.097667 0.154294
0 0.713458 0.550218 0.108583 0.168850
0 0.870583 0.565720 0.136167 0.138719
0 0.760833 0.382096 0.105000 0.109170
0 0.643208 0.375546 0.070250 0.116448
0 0.391312 0.353108 0.087625 0.105400
0 0.311250 0.344978 0.092500 0.098981
0 0.159583 0.328966 0.100833 0.069869
0 0.064434 0.335604 0.116467 0.103232
0 0.018479 0.327751 0.036958 0.102024
0 0.608375 0.227584 0.054584 0.054294
0 0.603625 0.193741 0.051250 0.027366
0 0.548500 0.201893 0.011500 0.029985
0 0.544375 0.191703 0.019416 0.033188
0 0.184208 0.180713 0.037750 0.015575
0 0.033125 0.184061 0.058250 0.036244
0 0.777275 0.319628 0.133784 0.089301
0 0.747483 0.300262 0.108967 0.085270
0 0.713208 0.287766 0.100917 0.076725
0 0.689629 0.273930 0.099358 0.069170
0 0.675946 0.253078 0.090242 0.068545
0 0.652167 0.243436 0.081400 0.067773
0 0.631366 0.233064 0.075967 0.063304
0 0.063042 0.181513 0.054583 0.038137
0 0.083417 0.174381 0.051000 0.029985
0 0.103792 0.172781 0.054250 0.030859
0 0.117458 0.165938 0.063417 0.026783
0 0.132083 0.162081 0.053167 0.031005
0 0.147917 0.158369 0.059000 0.037263
0 0.173583 0.158224 0.040000 0.027656
0 0.188500 0.155458 0.044166 0.027075
0 0.200375 0.151819 0.042584 0.024745
0 0.214000 0.145706 0.036500 0.019214
0 0.229667 0.142722 0.044500 0.023436
0 0.239958 0.130131 0.059750 0.041340
0 0.270958 0.135590 0.026083 0.028385
0 0.247000 0.086318 0.057000 0.026783
0 0.881750 0.035953 0.007334 0.007569
0 0.895709 0.037264 0.007583 0.007861
0 0.922750 0.037482 0.006500 0.008297
0 0.928708 0.039301 0.008250 0.009316
0 0.940750 0.039519 0.009666 0.007423
0 0.966959 0.037045 0.017917 0.015575
0 0.227583 0.269498 0.115833 0.073639
0 0.438750 0.171762 0.058500 0.030277
0 0.440000 0.192867 0.056666 0.033187
0 0.407208 0.242809 0.082917 0.056798
0 0.398850 0.253704 0.075866 0.060161
0 0.370329 0.262977 0.103242 0.070407
0 0.347942 0.269956 0.115200 0.068413
0 0.375417 0.180495 0.015000 0.017468
0 0.368333 0.192140 0.028333 0.011354
0 0.436567 0.179884 0.062800 0.029636
0 0.438517 0.211558 0.068100 0.051529
0 0.467175 0.356281 0.079584 0.107118
0 0.547017 0.362293 0.073383 0.113377
0 0.435871 0.219978 0.063242 0.055124
0 0.432200 0.234964 0.056300 0.056769
0 0.613417 0.213217 0.067900 0.051354
0 0.842458 0.108894 0.091200 0.036681
0 0.345000 0.211280 0.052000 0.030131
0 0.618292 0.109753 0.020250 0.021251
0 0.656750 0.102038 0.016334 0.016594
0 0.682500 0.098472 0.013334 0.013246
