0 0.696169 0.358152 0.049689 0.034938
0 0.786957 0.374379 0.058385 0.039130
0 0.718944 0.349146 0.045342 0.026242
0 0.746636 0.349923 0.015011 0.024689
0 0.757246 0.351009 0.013665 0.023758
0 0.452392 0.558657 0.165031 0.106164
0 0.516475 0.525443 0.130590 0.093369
0 0.560642 0.500900 0.092050 0.078447
0 0.595730 0.476133 0.116408 0.083851
0 0.602640 0.433540 0.047930 0.004659
0 0.639752 0.444954 0.083643 0.055745
0 0.673396 0.427562 0.072049 0.057608
0 0.710870 0.410481 0.080331 0.060715
0 0.607640 0.393448 0.033126 0.040373
0 0.451190 0.334938 0.029297 0.028572
0 0.720290 0.332066 0.025880 0.008851
0 0.710714 0.333385 0.022878 0.005900
0 0.673706 0.338276 0.025258 0.010403
0 0.654813 0.340295 0.023913 0.013198
0 0.628364 0.344488 0.035611 0.025621
0 0.594513 0.335404 0.032091 0.019876
0 0.595808 0.352174 0.042133 0.032920
0 0.567546 0.350932 0.044617 0.038509
0 0.551915 0.351941 0.048758 0.038354
0 0.535559 0.352407 0.054140 0.027484
0 0.506263 0.350932 0.034886 0.016770
0 0.495394 0.362500 0.051035 0.033696
0 0.451553 0.370031 0.058592 0.048136
0 0.438665 0.376397 0.030953 0.036025
0 0.387629 0.373524 0.092029 0.063199
0 0.358696 0.386413 0.088613 0.055124
0 0.325000 0.393012 0.090166 0.054659
0 0.131728 0.434705 0.111491 0.061646
0 0.540890 0.366227 0.047826 0.029348
0 0.852329 0.331445 0.041512 0.016615
0 0.065735 0.453183 0.126086 0.063820
0 0.021222 0.465194 0.042443 0.065264
0 0.807402 0.262189 0.033644 0.028417
0 0.789203 0.270815 0.030434 0.023308
0 0.774793 0.276786 0.028882 0.021273
0 0.761543 0.279037 0.032609 0.019876
0 0.799535 0.363509 0.060559 0.043478
0 0.809627 0.331056 0.040580 0.019566
0 0.805694 0.340528 0.033333 0.012112
0 0.817339 0.310636 0.019359 0.024689
0 0.793272 0.314674 0.020497 0.029658
0 0.768841 0.350466 0.011180 0.011180
0 0.991563 0.391770 0.005280 0.031988
0 0.891051 0.503820 0.133116 0.043602
0 0.917722 0.478354 0.135155 0.066522
0 0.903054 0.446739 0.086232 0.037267
0 0.933002 0.431677 0.075031 0.030186
0 0.874182 0.443044 0.026956 0.022361
0 0.927101 0.428416 0.114410 0.058696
0 0.935715 0.408385 0.102691 0.052484
0 0.948758 0.397749 0.081159 0.060403
0 0.202640 0.909161 0.405280 0.181677
0 0.769151 0.767857 0.275362 0.206522
0 0.861284 0.648292 0.231884 0.150621
0 0.379400 0.606367 0.174949 0.116459
0 0.006211 0.790373 0.012422 0.090062
0 0.041408 0.584628 0.082816 0.119565
0 0.082816 0.545031 0.165631 0.114906
0 0.756625 0.408075 0.016563 0.032609
0 0.760197 0.381832 0.075466 0.040062
0 0.831107 0.361335 0.045031 0.031056
0 0.853623 0.358230 0.033333 0.027950
0 0.829348 0.345497 0.028675 0.007764
0 0.853778 0.348059 0.041925 0.026552
0 0.887371 0.316848 0.018219 0.022516
0 0.913612 0.319488 0.017909 0.023757
0 0.936749 0.320032 0.015942 0.023913
0 0.856418 0.328106 0.041408 0.017391
0 0.873033 0.348136 0.012940 0.017391
0 0.862060 0.324767 0.037992 0.019720
0 0.862164 0.317391 0.033437 0.013665
0 0.909110 0.272516 0.034990 0.023913
0 0.897381 0.587259 0.205238 0.109332
0 0.888954 0.531273 0.163831 0.077764
0 0.903365 0.384472 0.011697 0.013664
0 0.946077 0.368199 0.093996 0.031832
0 0.973550 0.370730 0.046273 0.046428
0 0.971480 0.350621 0.057039 0.032920
0 0.948188 0.348447 0.015631 0.007454
0 0.968479 0.336645 0.048551 0.018323
0 0.971221 0.328493 0.045963 0.016615
0 0.973240 0.325311 0.047516 0.017391
0 0.972050 0.321661 0.052588 0.024069
0 0.981263 0.289829 0.035404 0.024379
0 0.954090 0.322438 0.028675 0.019720
0 0.960559 0.316771 0.025672 0.011491
0 0.165585 0.515621 0.147898 0.104006
0 0.235631 0.492306 0.132381 0.096320
0 0.303065 0.476398 0.115031 0.076771
0 0.351035 0.459317 0.107660 0.075776
0 0.396739 0.448059 0.092236 0.067546
0 0.444048 0.436258 0.087888 0.062888
0 0.473747 0.423665 0.095652 0.061118
0 0.506159 0.413975 0.093479 0.056832
0 0.534317 0.405745 0.085404 0.052485
0 0.569720 0.396817 0.060559 0.045807
0 0.618065 0.386646 0.051449 0.039130
0 0.636491 0.381211 0.048344 0.039752
0 0.740787 0.396196 0.066460 0.043944
0 0.751501 0.390062 0.066978 0.037578
0 0.644203 0.372981 0.073706 0.047205
0 0.668427 0.365373 0.053417 0.038820
0 0.683385 0.362422 0.051864 0.038199
0 0.706004 0.355279 0.049276 0.034473
