0 0.465625 0.008594 0.029688 0.017188
0 0.414726 0.122500 0.028829 0.157500
0 0.359453 0.166406 0.123282 0.245312
0 0.502852 0.038672 0.063203 0.077344
0 0.507422 0.156250 0.089062 0.109376
0 0.617969 0.032813 0.067188 0.065625
0 0.680118 0.117969 0.086797 0.126562
0 0.510938 0.273438 0.103125 0.140625
0 0.326172 0.295625 0.108594 0.149374
0 0.725039 0.253124 0.106328 0.140625
0 0.523828 0.446094 0.141406 0.198437
0 0.196094 0.660938 0.193750 0.275000
0 0.116015 0.865625 0.232031 0.268750
0 0.485547 0.751562 0.203906 0.321875
0 0.512344 0.073438 0.072656 0.090625
