0 0.743649 0.157415 0.082843 0.121001
0 0.698895 0.221434 0.082656 0.111587
0 0.679538 0.261617 0.084850 0.122500
0 0.591578 0.280960 0.103770 0.137299
0 0.586450 0.362707 0.111100 0.147808
0 0.386848 0.183904 0.065810 0.108258
0 0.314099 0.189509 0.098897 0.131185
0 0.237059 0.238160 0.115663 0.122529
0 0.290046 0.303656 0.116093 0.158033
0 0.336330 0.389281 0.124866 0.179141
0 0.120833 0.406872 0.149667 0.177132
0 0.241450 0.491765 0.135766 0.204858
0 0.474666 0.449793 0.140667 0.205865
0 0.296000 0.644312 0.183334 0.277725
0 0.072500 0.641292 0.145000 0.217417
0 0.013500 0.788300 0.027000 0.174585
0 0.177333 0.826925 0.213333 0.307050
0 0.975665 0.047980 0.048670 0.093685
0 0.920850 0.210753 0.085700 0.128259
0 0.843267 0.360308 0.103200 0.144906
0 0.896600 0.283175 0.093200 0.127962
0 0.583133 0.958531 0.197133 0.082938
0 0.004333 0.972452 0.008667 0.055095
0 0.654500 0.820793 0.177000 0.239929
0 0.943334 0.723637 0.113333 0.255331
0 0.736884 0.577962 0.150433 0.223222
0 0.809850 0.487559 0.120366 0.171801
0 0.722850 0.072868 0.057034 0.079147
0 0.613866 0.165563 0.089293 0.139336
0 0.969239 0.115340 0.061523 0.105291
0 0.942300 0.161301 0.079306 0.112719
0 0.972816 0.555095 0.054367 0.086493
0 0.940833 0.432168 0.118333 0.159360
0 0.676608 0.111522 0.070110 0.103163
0 0.474755 0.203205 0.094236 0.111268
0 0.452680 0.141700 0.078234 0.101540
0 0.517327 0.117554 0.080920 0.091457
0 0.814094 0.017773 0.022333 0.035545
0 0.484223 0.281392 0.102360 0.142524
0 0.782847 0.020877 0.043960 0.041754
0 0.886084 0.018365 0.025633 0.036730
0 0.853557 0.039627 0.059720 0.079254
0 0.829700 0.061907 0.048600 0.081161
0 0.803781 0.084384 0.063603 0.091280
0 0.763321 0.036534 0.056337 0.068104
0 0.710187 0.026846 0.077140 0.053691
0 0.641957 0.016692 0.057140 0.033383
0 0.607212 0.040649 0.057643 0.075326
0 0.662902 0.052218 0.048263 0.076949
0 0.615036 0.082228 0.069753 0.097643
0 0.778067 0.123579 0.059200 0.088389
