0 0.078299 0.121116 0.042014 0.021953
0 0.835889 0.824665 0.073792 0.100456
0 0.739427 0.778195 0.076438 0.060856
0 0.660007 0.814102 0.084612 0.066977
0 0.558469 0.974311 0.043312 0.051377
0 0.702084 0.398139 0.051389 0.037209
0 0.738541 0.449302 0.057639 0.042791
0 0.430555 0.406046 0.033333 0.058605
0 0.485764 0.389768 0.034028 0.052093
0 0.516320 0.462790 0.050695 0.043721
0 0.537153 0.518604 0.067361 0.049303
0 0.545486 0.549302 0.054861 0.047442
0 0.560764 0.579070 0.060416 0.051163
0 0.576041 0.609768 0.064583 0.051163
0 0.589931 0.641396 0.065973 0.051163
0 0.605903 0.681395 0.068750 0.054884
0 0.617361 0.720930 0.072222 0.072558
0 0.636806 0.770698 0.077777 0.064186
0 0.707986 0.733953 0.074306 0.063255
0 0.689236 0.686511 0.064584 0.052093
0 0.670139 0.648837 0.062500 0.058605
0 0.621875 0.559070 0.059028 0.048372
0 0.592014 0.488372 0.061806 0.039070
0 0.580556 0.462326 0.058333 0.037209
0 0.546875 0.377675 0.036806 0.046511
0 0.580208 0.366884 0.032639 0.053209
0 0.607986 0.358605 0.029861 0.047442
0 0.635417 0.342790 0.030555 0.051163
0 0.677778 0.357674 0.036111 0.047442
0 0.148611 0.910232 0.040278 0.110697
0 0.214236 0.914419 0.071528 0.057675
0 0.076736 0.804651 0.036806 0.076279
0 0.228472 0.786512 0.077778 0.060465
0 0.223959 0.742791 0.079861 0.047442
0 0.214583 0.704186 0.072222 0.053954
0 0.221527 0.660465 0.070833 0.061396
0 0.211805 0.626511 0.066667 0.053023
0 0.147917 0.666511 0.036111 0.067907
0 0.087847 0.667907 0.067361 0.055814
0 0.666667 0.984186 0.047222 0.031628
0 0.447916 0.913023 0.080555 0.071628
0 0.425000 0.863721 0.081944 0.069768
0 0.412500 0.814418 0.079166 0.062325
0 0.520139 0.750698 0.050000 0.094884
0 0.395486 0.730698 0.064584 0.054884
0 0.379862 0.686047 0.073611 0.053023
0 0.371875 0.647442 0.057638 0.044651
0 0.362153 0.598140 0.065972 0.048373
0 0.354861 0.564186 0.066666 0.038140
0 0.350000 0.533489 0.068056 0.041861
0 0.338681 0.504651 0.060139 0.038140
0 0.329514 0.478139 0.060416 0.035349
0 0.326389 0.455349 0.058334 0.030698
0 0.369722 0.421395 0.028611 0.048372
0 0.400347 0.414419 0.031250 0.054883
0 0.757639 0.472093 0.059722 0.043720
0 0.771181 0.500000 0.057639 0.047442
0 0.807292 0.552558 0.061805 0.048372
0 0.828820 0.591628 0.060417 0.048372
0 0.855555 0.622326 0.073611 0.057675
0 0.874653 0.654419 0.067361 0.058605
0 0.898612 0.688373 0.063889 0.059535
0 0.900694 0.775814 0.069445 0.087442
0 0.964584 0.876279 0.070833 0.104186
0 0.900694 0.932558 0.079167 0.118140
0 0.890972 0.990698 0.045833 0.018605
0 0.104514 0.136744 0.020139 0.035349
0 0.691319 0.274419 0.036805 0.039069
0 0.668403 0.281396 0.034028 0.034419
0 0.645833 0.290697 0.031945 0.034419
0 0.620139 0.297675 0.030556 0.035349
0 0.597916 0.302326 0.029167 0.037209
0 0.573263 0.307907 0.029861 0.039070
0 0.550695 0.315349 0.031945 0.039070
0 0.527083 0.323256 0.025000 0.038140
0 0.501389 0.325581 0.020834 0.046511
0 0.413542 0.348372 0.029861 0.047442
0 0.384027 0.354884 0.033333 0.049302
0 0.340278 0.340000 0.043056 0.056744
0 0.142362 0.297209 0.026389 0.054884
0 0.113195 0.306977 0.023611 0.046512
0 0.087500 0.310698 0.022222 0.044651
0 0.029167 0.322326 0.027778 0.041861
0 0.009028 0.213954 0.018056 0.042791
0 0.032986 0.203721 0.024306 0.039070
0 0.030555 0.238140 0.026389 0.042791
0 0.085417 0.231628 0.023611 0.037210
0 0.084028 0.199535 0.023611 0.032558
0 0.107986 0.191163 0.022916 0.038140
0 0.138888 0.216744 0.023611 0.040930
0 0.010417 0.153954 0.020833 0.030697
0 0.023264 0.131628 0.046528 0.021396
0 0.061458 0.145581 0.021528 0.032558
0 0.040972 0.107442 0.040278 0.025116
0 0.088889 0.098140 0.037500 0.023255
0 0.120486 0.110232 0.039584 0.023255
0 0.133264 0.088930 0.037639 0.021581
0 0.149653 0.127907 0.021528 0.034418
0 0.172569 0.123256 0.020139 0.034418
0 0.175556 0.099535 0.039167 0.018604
0 0.183681 0.078140 0.034027 0.024186
0 0.215973 0.113953 0.023611 0.036279
0 0.258680 0.107441 0.020139 0.028837
0 0.211806 0.197210 0.025000 0.044651
0 0.229514 0.254418 0.024306 0.041861
0 0.260417 0.189302 0.025000 0.047442
0 0.279514 0.157209 0.022916 0.039070
0 0.310069 0.157674 0.022917 0.038139
0 0.321180 0.181861 0.021527 0.032559
0 0.284375 0.249767 0.025694 0.043721
0 0.312848 0.248372 0.027083 0.039070
0 0.343056 0.248837 0.022223 0.043721
0 0.346875 0.289303 0.045138 0.035349
0 0.416666 0.287349 0.051389 0.031442
0 0.489584 0.274884 0.041667 0.025116
0 0.515972 0.250698 0.029167 0.038139
0 0.537500 0.241860 0.030556 0.033489
0 0.560417 0.238140 0.030555 0.040931
0 0.582222 0.228372 0.034167 0.043721
0 0.492708 0.218605 0.025695 0.033489
0 0.515972 0.216744 0.027778 0.029768
0 0.537500 0.210232 0.026388 0.027907
0 0.556944 0.204186 0.025000 0.028838
0 0.579514 0.199163 0.031250 0.033302
0 0.650694 0.142790 0.038889 0.028837
0 0.597916 0.130233 0.038889 0.026047
0 0.570138 0.145116 0.026389 0.031628
0 0.549306 0.148837 0.027777 0.031628
0 0.497223 0.162791 0.026389 0.037209
0 0.479514 0.164186 0.017361 0.028838
0 0.428473 0.155813 0.016667 0.012093
0 0.354514 0.140931 0.022916 0.034419
0 0.340070 0.116232 0.030695 0.029675
0 0.335763 0.092558 0.017361 0.021396
0 0.377084 0.160465 0.026389 0.021396
0 0.685069 0.133954 0.035417 0.022325
0 0.727430 0.110698 0.034027 0.026047
0 0.718750 0.100000 0.030556 0.023256
0 0.643159 0.059535 0.027569 0.029768
0 0.619792 0.037209 0.027083 0.027907
0 0.598958 0.019070 0.021528 0.019535
0 0.626736 0.012093 0.022916 0.024186
0 0.608334 0.004186 0.018055 0.008372
0 0.930902 0.226976 0.039583 0.029767
0 0.872291 0.183721 0.041805 0.030698
0 0.845139 0.152093 0.040278 0.028838
0 0.830208 0.141396 0.046528 0.029767
0 0.803125 0.119535 0.038194 0.026976
0 0.761111 0.086976 0.037500 0.026977
0 0.740973 0.069302 0.036111 0.023256
0 0.732986 0.054047 0.036806 0.024000
0 0.717083 0.050047 0.034167 0.023813
0 0.705591 0.041302 0.023681 0.021581
0 0.697431 0.032093 0.032917 0.028838
0 0.681250 0.016279 0.033334 0.023256
0 0.668403 0.009303 0.024306 0.018605
0 0.646528 0.002791 0.016667 0.005581
0 0.991667 0.184186 0.016667 0.026046
0 0.982291 0.167442 0.035417 0.031628
0 0.965625 0.155814 0.043750 0.030698
0 0.933681 0.123256 0.035417 0.026977
0 0.900347 0.102326 0.043750 0.031628
0 0.857291 0.089070 0.036805 0.028372
0 0.828125 0.052558 0.036806 0.030698
0 0.820868 0.042931 0.032430 0.023907
0 0.813229 0.034883 0.037570 0.026977
0 0.795382 0.031628 0.025902 0.022326
0 0.757639 0.005117 0.027778 0.010233
0 0.738541 0.001860 0.011805 0.003721
0 0.981250 0.101860 0.037500 0.026977
0 0.951736 0.079534 0.031250 0.028837
0 0.926042 0.056279 0.028472 0.028838
0 0.942361 0.034884 0.030556 0.030698
0 0.988194 0.076744 0.023611 0.030698
0 0.919791 0.017674 0.024305 0.024186
0 0.902084 0.006977 0.020833 0.013953
0 0.867014 0.008837 0.024306 0.017674
0 0.891667 0.028837 0.034722 0.039070
