0 0.601984 0.409524 0.154762 0.092857
0 0.931349 0.976785 0.137302 0.046429
0 0.910318 0.917857 0.179365 0.133334
0 0.730556 0.922619 0.153175 0.154762
0 0.125675 0.019047 0.023254 0.038095
0 0.176588 0.019047 0.048413 0.038095
0 0.313095 0.087500 0.088095 0.072620
0 0.150397 0.144047 0.032540 0.078571
0 0.269047 0.209524 0.211111 0.157143
0 0.251984 0.310119 0.150000 0.091666
0 0.261111 0.408929 0.155556 0.084523
0 0.280238 0.455952 0.161746 0.085715
0 0.272222 0.517262 0.180952 0.089286
0 0.286508 0.579167 0.184127 0.101191
0 0.316667 0.649405 0.212699 0.115476
0 0.333730 0.733928 0.210318 0.117857
0 0.303175 0.817262 0.222223 0.146428
0 0.263889 0.897023 0.242064 0.086905
0 0.225079 0.961905 0.143492 0.076190
0 0.932778 0.241726 0.079841 0.083452
0 0.804762 0.138690 0.060318 0.063095
0 0.626587 0.027381 0.054762 0.050000
0 0.543531 0.241607 0.125159 0.076072
0 0.553175 0.269047 0.117461 0.073809
0 0.574206 0.306011 0.145238 0.090357
0 0.582936 0.361905 0.153175 0.083333
0 0.637460 0.442678 0.135238 0.111547
