0 0.966875 0.083727 0.066250 0.091981
0 0.928125 0.049529 0.143750 0.099057
0 0.768625 0.123821 0.325250 0.247642
0 0.658125 0.222878 0.331250 0.242925
0 0.650625 0.367924 0.301250 0.254717
0 0.308750 0.392689 0.300000 0.209906
0 0.022500 0.317217 0.045000 0.148584
0 0.508750 0.492924 0.412500 0.344339
0 0.718750 0.035377 0.077500 0.070755
0 0.540687 0.079009 0.278625 0.158019
0 0.452500 0.156840 0.287500 0.209905
0 0.363750 0.260613 0.290000 0.214623
0 0.063125 0.048349 0.126250 0.096698
0 0.023688 0.119104 0.047375 0.143868
0 0.359750 0.011792 0.082000 0.023585
0 0.218938 0.054246 0.201625 0.108491
0 0.131250 0.116745 0.230000 0.209906
0 0.689375 0.028302 0.028750 0.056604
0 0.409375 0.727948 0.403750 0.312972
0 0.298750 0.865566 0.420000 0.268868
0 0.110000 0.753537 0.220000 0.323113
0 0.048750 0.897406 0.097500 0.205189
0 0.177063 0.577830 0.329125 0.306604
0 0.753125 0.900944 0.493750 0.198113
0 0.798125 0.708727 0.403750 0.360849
0 0.856250 0.491746 0.287500 0.261793
0 0.898125 0.300708 0.203750 0.304245
0 0.912875 0.189976 0.174250 0.238443
