0 0.467392 0.012360 0.054987 0.024719
0 0.300511 0.175281 0.066497 0.053932
0 0.248721 0.130337 0.062660 0.044944
0 0.083120 0.150561 0.066496 0.058427
0 0.109463 0.110449 0.065218 0.050113
0 0.075448 0.058427 0.058823 0.044944
0 0.250640 0.329213 0.109975 0.092135
0 0.176471 0.008989 0.051151 0.017978
0 0.269182 0.075281 0.065217 0.042696
0 0.278133 0.045393 0.057544 0.035056
0 0.216751 0.403371 0.101023 0.101124
0 0.673273 0.062921 0.057545 0.044944
0 0.847826 0.885393 0.120204 0.107865
0 0.848465 0.284270 0.057545 0.074157
0 0.787724 0.489887 0.081842 0.080899
0 0.445653 0.280899 0.078005 0.053932
0 0.439897 0.310112 0.071611 0.044944
0 0.447570 0.353932 0.092071 0.065169
0 0.450128 0.432585 0.092072 0.065169
0 0.437980 0.516854 0.078005 0.076404
0 0.551791 0.558427 0.103581 0.087640
0 0.546675 0.742697 0.108696 0.096629
0 0.809463 0.735955 0.112532 0.105618
0 0.416944 0.800000 0.115217 0.094382
0 0.414322 0.880899 0.125320 0.107865
0 0.683504 0.140450 0.067775 0.056179
0 0.673274 0.114607 0.065217 0.058427
0 0.663683 0.040449 0.056266 0.035955
0 0.529412 0.166293 0.063939 0.058427
0 0.528133 0.141573 0.063938 0.040450
0 0.533056 0.086516 0.064322 0.047191
0 0.456522 0.146067 0.063939 0.058427
0 0.459335 0.123146 0.069566 0.044045
0 0.463555 0.095506 0.052430 0.033708
0 0.467391 0.053933 0.060102 0.040449
0 0.464834 0.030337 0.047315 0.029214
0 0.468031 0.008989 0.023018 0.017978
0 0.130576 0.069325 0.055883 0.054607
0 0.857039 0.956281 0.150473 0.087438
