0 0.089062 0.459028 0.168750 0.129167
0 0.892559 0.310076 0.092383 0.107319
0 0.831250 0.795138 0.142188 0.223611
0 0.749219 0.665972 0.129688 0.184722
0 0.666406 0.595833 0.117188 0.150000
0 0.525781 0.447084 0.106250 0.133611
0 0.548047 0.327083 0.097656 0.115278
0 0.396485 0.284028 0.088281 0.084722
0 0.032031 0.371528 0.064062 0.137500
0 0.096876 0.336805 0.084375 0.115277
0 0.162110 0.293750 0.092969 0.143056
0 0.227968 0.282639 0.076875 0.115278
0 0.366015 0.067362 0.075781 0.051389
0 0.667578 0.234028 0.058594 0.087500
0 0.796485 0.242361 0.085157 0.093056
0 0.973828 0.386806 0.052344 0.093055
0 0.084765 0.650694 0.169531 0.156945
0 0.155469 0.521528 0.165625 0.112500
0 0.273438 0.388194 0.112500 0.112500
0 0.338281 0.456250 0.125000 0.115278
0 0.456250 0.398195 0.107812 0.111945
0 0.635156 0.932639 0.089063 0.134722
0 0.641406 0.801389 0.153125 0.222222
0 0.403125 0.706945 0.081250 0.230555
0 0.492188 0.609028 0.085937 0.148611
0 0.301953 0.602083 0.085156 0.195833
0 0.470703 0.296666 0.080469 0.101667
0 0.289062 0.264583 0.071875 0.106945
0 0.334375 0.236111 0.070312 0.105556
0 0.376953 0.207639 0.077344 0.084722
0 0.422266 0.138194 0.047656 0.084723
0 0.287500 0.149306 0.046875 0.079167
0 0.239844 0.150695 0.043750 0.070833
0 0.189062 0.149306 0.039063 0.070833
