0 0.691000 0.443500 0.066000 0.063000
0 0.800334 0.340500 0.055333 0.047000
0 0.832533 0.329050 0.054000 0.055900
0 0.867033 0.295500 0.059400 0.049000
0 0.664334 0.555000 0.060667 0.072000
0 0.693566 0.537000 0.064467 0.064000
0 0.722333 0.513000 0.064667 0.068000
0 0.747667 0.491100 0.070000 0.068200
0 0.776667 0.461000 0.066667 0.072000
0 0.818700 0.419300 0.062866 0.057400
0 0.845867 0.400500 0.060000 0.063000
0 0.798434 0.441500 0.059933 0.063000
0 0.176000 0.901000 0.088000 0.092000
0 0.620000 0.183000 0.057334 0.036000
0 0.181667 0.372000 0.060667 0.054000
0 0.871367 0.385000 0.059933 0.058000
0 0.895767 0.369700 0.060467 0.056600
0 0.911666 0.345500 0.056667 0.057000
0 0.930833 0.324100 0.062333 0.063800
0 0.940734 0.302000 0.059867 0.054000
0 0.246986 0.984280 0.066973 0.031440
0 0.210420 0.963285 0.083520 0.073430
0 0.434333 0.643500 0.066000 0.071000
0 0.459334 0.614000 0.061333 0.064000
0 0.321333 0.720500 0.061333 0.077000
0 0.362667 0.689500 0.068000 0.081000
0 0.395100 0.781500 0.075134 0.091000
0 0.436000 0.749000 0.069334 0.090000
0 0.474333 0.720500 0.072667 0.087000
0 0.506333 0.685000 0.072667 0.084000
0 0.535000 0.661000 0.071334 0.082000
0 0.491333 0.588150 0.066667 0.065700
0 0.526400 0.567000 0.066134 0.070000
0 0.555333 0.541000 0.064000 0.066000
0 0.586200 0.513500 0.063066 0.065000
0 0.638467 0.479000 0.059333 0.070000
0 0.661100 0.459000 0.059534 0.060000
0 0.737333 0.400000 0.056000 0.056000
0 0.643147 0.587080 0.065320 0.069220
0 0.600647 0.608000 0.060973 0.064500
0 0.566860 0.637420 0.057706 0.082780
0 0.813173 0.727275 0.014560 0.061750
0 0.623333 0.294500 0.050667 0.051000
0 0.603367 0.319000 0.059933 0.058000
0 0.574000 0.330700 0.054666 0.058600
0 0.551667 0.355500 0.060667 0.059000
0 0.420000 0.464500 0.054666 0.063000
0 0.536567 0.371000 0.031800 0.056000
0 0.445000 0.443000 0.056666 0.052000
0 0.502733 0.370550 0.073200 0.112900
0 0.135666 0.866500 0.080667 0.083000
0 0.107000 0.826000 0.080666 0.078000
0 0.086334 0.783000 0.076667 0.074000
0 0.118333 0.690000 0.063333 0.068000
0 0.155667 0.665500 0.066000 0.075000
0 0.191667 0.633500 0.059333 0.071000
0 0.262333 0.581000 0.063333 0.074000
0 0.296334 0.550000 0.060667 0.072000
0 0.330333 0.524500 0.066000 0.071000
0 0.362000 0.508000 0.056000 0.060000
0 0.391000 0.484000 0.058000 0.058000
0 0.690667 0.260000 0.053333 0.048000
0 0.726333 0.230000 0.052667 0.042000
0 0.774334 0.194500 0.048667 0.039000
0 0.790667 0.173000 0.050800 0.040000
0 0.819333 0.159000 0.033333 0.042000
0 0.851333 0.162500 0.024000 0.041000
0 0.883000 0.183000 0.043334 0.040000
0 0.944000 0.215000 0.044000 0.042000
0 0.971334 0.231500 0.045333 0.055000
0 0.857333 0.984500 0.054667 0.031000
0 0.962000 0.915500 0.076000 0.099000
0 0.974000 0.874500 0.052000 0.083000
0 0.985333 0.827500 0.029333 0.055000
0 0.995667 0.789000 0.008667 0.030000
0 0.351667 0.808500 0.070000 0.083000
0 0.281666 0.750000 0.060667 0.072000
