0 0.152850 0.182223 0.013000 0.010667
0 0.014725 0.216133 0.029450 0.023911
0 0.092250 0.208089 0.024100 0.016889
0 0.126225 0.204622 0.024350 0.018667
0 0.142200 0.197333 0.014300 0.015467
0 0.215950 0.188088 0.015800 0.015111
0 0.236050 0.187866 0.016100 0.013067
0 0.274825 0.180667 0.010250 0.007733
0 0.269100 0.172000 0.014500 0.009244
0 0.163400 0.182667 0.009900 0.011200
0 0.143750 0.183111 0.014000 0.010844
0 0.173500 0.183378 0.006900 0.010489
0 0.407145 0.155235 0.022100 0.022667
0 0.265750 0.181636 0.010900 0.010667
0 0.181725 0.182422 0.004390 0.013004
0 0.039513 0.216462 0.032325 0.020640
