0 0.325163 0.462079 0.137325 0.202624
0 0.438106 0.581686 0.124288 0.195863
0 0.186959 0.645671 0.165894 0.193219
0 0.357631 0.713901 0.190900 0.272987
0 0.166390 0.846544 0.233169 0.263078
0 0.920000 0.189202 0.073750 0.095863
0 0.792366 0.480298 0.111794 0.146226
0 0.883612 0.052074 0.046800 0.071635
0 0.852626 0.076514 0.071025 0.101363
0 0.723931 0.053022 0.072788 0.064168
0 0.791756 0.084318 0.041687 0.074107
0 0.783800 0.095161 0.013324 0.068869
0 0.749397 0.096438 0.073481 0.098769
0 0.715938 0.139254 0.058125 0.084763
0 0.677937 0.160545 0.062125 0.095056
0 0.623600 0.171301 0.063538 0.060161
0 0.573334 0.198970 0.069207 0.061937
0 0.645503 0.230812 0.097644 0.147518
0 0.523666 0.247084 0.092206 0.112694
0 0.600966 0.276508 0.079007 0.128557
0 0.550269 0.324072 0.104325 0.141322
0 0.517178 0.381589 0.108844 0.151130
0 0.497022 0.442149 0.105706 0.154389
