0 0.750708 0.108575 0.072750 0.100575
0 0.357021 0.113269 0.100158 0.136288
0 0.427917 0.067500 0.059167 0.082500
0 0.372916 0.023750 0.064167 0.047500
0 0.749500 0.022375 0.056166 0.044750
0 0.751904 0.054881 0.070125 0.073438
0 0.677887 0.018375 0.018391 0.036750
0 0.650567 0.034281 0.054117 0.068562
0 0.600396 0.008150 0.016592 0.016300
0 0.567104 0.022218 0.050642 0.044437
0 0.487084 0.016250 0.055833 0.032500
0 0.725383 0.017750 0.010600 0.035500
0 0.630875 0.079937 0.063250 0.084750
0 0.533242 0.056344 0.061167 0.080613
0 0.802917 0.897500 0.235833 0.205000
0 0.421666 0.770000 0.218333 0.377500
0 0.732083 0.621250 0.180833 0.297500
0 0.779167 0.406875 0.130000 0.196250
0 0.768667 0.222438 0.105667 0.160125
0 0.773042 0.151250 0.078750 0.082500
0 0.152917 0.588125 0.275833 0.356250
0 0.024167 0.517500 0.048333 0.152500
0 0.131667 0.386250 0.190000 0.187500
0 0.505417 0.495000 0.147500 0.230000
0 0.345834 0.328125 0.138333 0.188750
0 0.285000 0.201875 0.123334 0.153750
0 0.560416 0.318125 0.115833 0.173750
0 0.437416 0.193750 0.111833 0.147500
0 0.612250 0.196656 0.092334 0.141213
0 0.614117 0.128537 0.078450 0.082949
0 0.490563 0.112207 0.078791 0.114563
