0 0.433594 0.324375 0.301562 0.211250
0 0.049691 0.203437 0.099383 0.119451
0 0.106145 0.173494 0.212289 0.156762
0 0.881352 0.530424 0.214859 0.259925
0 0.326836 0.173475 0.126360 0.093624
0 0.335160 0.119987 0.118586 0.084499
0 0.953188 0.060900 0.093625 0.121800
0 0.933820 0.363862 0.132359 0.184375
0 0.740757 0.014212 0.027469 0.028425
0 0.721226 0.020688 0.013953 0.041375
0 0.811055 0.046375 0.115859 0.092750
0 0.842187 0.096250 0.112501 0.145000
0 0.779875 0.280075 0.010500 0.037650
0 0.728660 0.187575 0.130398 0.134000
0 0.591715 0.026750 0.024305 0.053500
0 0.535766 0.026812 0.108953 0.053625
0 0.505000 0.077994 0.111000 0.142762
0 0.550879 0.111274 0.117226 0.119125
0 0.579262 0.171181 0.123055 0.146888
0 0.558364 0.228625 0.128539 0.165350
0 0.501129 0.243625 0.110648 0.080874
0 0.319922 0.020625 0.025782 0.041250
0 0.377930 0.059213 0.119875 0.118425
0 0.385859 0.133937 0.007500 0.033375
0 0.340040 0.075181 0.108203 0.073012
0 0.384860 0.194050 0.009469 0.049800
0 0.897903 0.293019 0.150695 0.177663
0 0.667231 0.064113 0.118195 0.128225
0 0.709883 0.127663 0.130172 0.154525
0 0.114062 0.045000 0.060937 0.090000
0 0.050508 0.052875 0.101016 0.105750
0 0.011976 0.112225 0.023953 0.048100
0 0.289766 0.217875 0.159531 0.085750
0 0.197539 0.291250 0.201797 0.180000
0 0.294141 0.580000 0.358594 0.252500
0 0.159043 0.426113 0.303320 0.192600
0 0.360430 0.470869 0.156297 0.139963
0 0.670660 0.610825 0.180726 0.228976
0 0.982031 0.214375 0.035937 0.128750
0 0.959688 0.198937 0.050469 0.073625
0 0.956250 0.119563 0.087500 0.148375
0 0.985828 0.030863 0.028344 0.047900
0 0.916461 0.045150 0.036594 0.090300
0 0.592890 0.530000 0.185781 0.212500
0 0.674063 0.439812 0.334063 0.232125
0 0.707421 0.299156 0.156297 0.178412
0 0.121211 0.335625 0.242422 0.166250
0 0.417188 0.988125 0.162499 0.023750
0 0.443047 0.888750 0.234219 0.222500
0 0.759375 0.907500 0.234375 0.185000
0 0.695586 0.838125 0.216172 0.281250
0 0.731641 0.709500 0.194531 0.217750
0 0.928516 0.632500 0.142969 0.207500
0 0.316797 0.765750 0.316406 0.333500
0 0.295704 0.592500 0.142969 0.040000
