0 0.066732 0.468686 0.133464 0.346886
0 0.349934 0.729332 0.314453 0.475651
0 0.526367 0.832956 0.277995 0.334088
0 0.757487 0.571348 0.231120 0.402039
0 0.908203 0.727633 0.183594 0.381654
0 0.776367 0.900906 0.236328 0.198188
0 0.407226 0.004530 0.057943 0.009060
0 0.560547 0.042469 0.156250 0.084938
0 0.571289 0.498868 0.225912 0.338619
0 0.373047 0.364666 0.244792 0.391846
0 0.233073 0.278596 0.230468 0.296716
0 0.980795 0.981313 0.038411 0.037373
0 0.983073 0.050623 0.033854 0.101246
0 0.904948 0.028313 0.152344 0.056625
0 0.786133 0.096829 0.168620 0.193658
0 0.905274 0.139864 0.164713 0.243488
0 0.991895 0.257927 0.016211 0.091167
0 0.016276 0.061891 0.032552 0.099321
0 0.075521 0.188618 0.151042 0.266251
0 0.159831 0.604756 0.276693 0.380521
