0 0.423750 0.339610 0.105834 0.132343
0 0.459375 0.397422 0.120834 0.129218
0 0.474672 0.455914 0.123114 0.045640
0 0.341469 0.191188 0.024479 0.121500
0 0.403833 0.113751 0.010750 0.008625
0 0.348448 0.146234 0.071500 0.130594
0 0.344645 0.103906 0.071125 0.098063
0 0.337411 0.079282 0.073947 0.082125
0 0.172255 0.045195 0.075448 0.089547
0 0.177187 0.015000 0.077291 0.030000
0 0.137385 0.006406 0.010187 0.012812
0 0.662500 0.461250 0.131250 0.161876
0 0.619271 0.386953 0.119584 0.138594
0 0.407385 0.225789 0.135041 0.215640
0 0.548073 0.248750 0.097812 0.118124
0 0.577187 0.307578 0.106041 0.122344
0 0.523229 0.187500 0.106042 0.121876
0 0.242396 0.006406 0.022500 0.012812
0 0.274026 0.026500 0.044718 0.053000
0 0.492136 0.142851 0.095395 0.101703
0 0.449479 0.077375 0.080208 0.081750
0 0.435437 0.054203 0.081000 0.089094
0 0.401151 0.028453 0.084468 0.056906
0 0.788698 0.892188 0.195521 0.215625
0 0.512500 0.991406 0.112500 0.017188
0 0.520209 0.914062 0.184583 0.171875
0 0.230468 0.941406 0.181771 0.117188
0 0.268177 0.794531 0.157188 0.210937
0 0.522396 0.732812 0.165625 0.237500
0 0.729948 0.733594 0.173438 0.226562
0 0.707812 0.586719 0.142709 0.139062
0 0.470730 0.575235 0.139375 0.234843
0 0.265156 0.611563 0.144896 0.198750
0 0.267188 0.479687 0.121875 0.125001
0 0.261667 0.393750 0.117083 0.106250
0 0.247396 0.319531 0.117708 0.179688
0 0.246875 0.223750 0.102084 0.035000
0 0.236615 0.195781 0.089687 0.069687
0 0.223073 0.161250 0.099271 0.127188
0 0.212813 0.090078 0.088751 0.072968
0 0.199427 0.075500 0.080938 0.096000
0 0.323770 0.047594 0.083375 0.095188
