0 0.700141 0.238036 0.128219 0.205024
0 0.181771 0.789515 0.363542 0.420970
0 0.004687 0.605634 0.009375 0.109546
0 0.150000 0.487246 0.202084 0.223318
0 0.271823 0.425665 0.095104 0.075118
0 0.326198 0.422144 0.104688 0.082160
0 0.371833 0.430963 0.031500 0.064679
0 0.342807 0.397832 0.092552 0.051597
0 0.394786 0.415751 0.065698 0.089687
0 0.426526 0.388615 0.060302 0.072472
0 0.522218 0.316666 0.157021 0.162911
0 0.280505 0.663255 0.349365 0.404538
0 0.480000 0.602739 0.205624 0.300000
0 0.434167 0.435368 0.031667 0.038811
0 0.538021 0.520344 0.188542 0.267606
0 0.519271 0.377934 0.082292 0.029734
0 0.636354 0.474492 0.130834 0.209077
0 0.616932 0.350845 0.035698 0.040564
0 0.731677 0.474389 0.093104 0.144867
0 0.725302 0.433122 0.115604 0.123052
0 0.794218 0.436150 0.075937 0.114867
0 0.783370 0.346979 0.099219 0.188325
0 0.725770 0.366135 0.016125 0.017277
0 0.639552 0.348591 0.049312 0.042723
0 0.659531 0.327770 0.071646 0.099514
0 0.699057 0.329781 0.055344 0.089922
0 0.773235 0.245610 0.042593 0.021174
0 0.800005 0.230509 0.059552 0.048685
0 0.815833 0.202794 0.027000 0.007215
0 0.026562 0.874804 0.053125 0.250391
