0 0.341818 0.375853 0.200000 0.143247
0 0.034545 0.068895 0.069091 0.102320
0 0.189545 0.014188 0.057273 0.028377
0 0.219637 0.048567 0.073637 0.093861
0 0.313182 0.158936 0.126364 0.096862
0 0.415455 0.193724 0.160000 0.111869
0 0.339091 0.239427 0.169091 0.094134
0 0.336818 0.307640 0.186364 0.094134
0 0.345000 0.473397 0.213636 0.136426
0 0.293182 0.658254 0.115454 0.279673
0 0.432728 0.614598 0.107273 0.271487
0 0.560000 0.590041 0.118182 0.274216
0 0.682727 0.596180 0.125455 0.223738
0 0.794546 0.596862 0.132727 0.246930
0 0.921818 0.606412 0.152727 0.222374
0 0.975455 0.566167 0.049091 0.160983
0 0.146363 0.653479 0.132727 0.261937
0 0.029545 0.986357 0.059091 0.027285
0 0.535000 0.300136 0.157272 0.095498
0 0.565454 0.381992 0.190909 0.117326
