0 0.299932 0.009942 0.042521 0.019884
0 0.369499 0.006675 0.045875 0.013350
0 0.404838 0.005190 0.027041 0.010381
0 0.431247 0.003557 0.023828 0.007114
0 0.153472 0.111513 0.058745 0.060871
0 0.109312 0.084752 0.058001 0.052421
0 0.077847 0.112923 0.064339 0.069278
0 0.076693 0.053582 0.053698 0.049586
0 0.050659 0.040502 0.037328 0.049594
0 0.025279 0.025966 0.036526 0.046178
0 0.008745 0.018271 0.017490 0.035912
0 0.341365 0.108051 0.076271 0.045323
0 0.391586 0.128574 0.095068 0.060713
0 0.435492 0.138835 0.126484 0.057288
0 0.026146 0.121616 0.052292 0.048043
0 0.032815 0.144552 0.065630 0.037778
0 0.241928 0.119817 0.061979 0.055555
0 0.196563 0.135987 0.079999 0.061360
0 0.317448 0.149668 0.088020 0.082089
0 0.406250 0.206053 0.097916 0.100332
0 0.468568 0.175788 0.094427 0.081260
0 0.259245 0.186153 0.088802 0.075456
0 0.113802 0.150083 0.065104 0.076286
0 0.166016 0.187562 0.074739 0.094196
0 0.037162 0.161277 0.074323 0.038972
0 0.061797 0.192910 0.123594 0.042537
0 0.068750 0.214345 0.137500 0.050580
0 0.080391 0.252488 0.160781 0.075456
0 0.096615 0.324213 0.193229 0.126037
0 0.145833 0.378524 0.236458 0.130182
0 0.525052 0.178275 0.101146 0.071310
0 0.341927 0.234453 0.117188 0.101575
0 0.226667 0.237977 0.108542 0.132670
0 0.315104 0.332504 0.117708 0.142620
0 0.431511 0.296020 0.136979 0.091210
0 0.520573 0.271559 0.123438 0.118574
0 0.651563 0.361111 0.141667 0.163350
0 0.561224 0.403732 0.187968 0.170979
0 0.454688 0.425787 0.191667 0.223051
0 0.190625 0.429519 0.253126 0.165838
0 0.247917 0.525290 0.262500 0.193201
0 0.327865 0.614179 0.302604 0.249254
0 0.402343 0.781923 0.380729 0.348259
0 0.586094 0.223052 0.112188 0.089553
0 0.646276 0.239636 0.139740 0.092869
0 0.709375 0.286899 0.157292 0.086236
0 0.778125 0.349088 0.156250 0.116086
0 0.964063 0.450663 0.071875 0.133499
0 0.882552 0.381841 0.185938 0.106965
0 0.867188 0.502487 0.252083 0.205639
0 0.754427 0.563848 0.276562 0.232173
0 0.990364 0.731343 0.019271 0.170813
0 0.819271 0.782338 0.320834 0.350746
0 0.206310 0.080220 0.062036 0.051302
0 0.165357 0.068250 0.040818 0.048739
0 0.213716 0.049337 0.054640 0.024942
0 0.180963 0.029962 0.052531 0.028449
0 0.175320 0.026065 0.052963 0.030307
0 0.162438 0.019361 0.051021 0.027629
0 0.148250 0.011331 0.055562 0.022662
0 0.126726 0.009569 0.038453 0.019138
0 0.108008 0.008209 0.035495 0.016418
0 0.094630 0.008640 0.030740 0.017280
0 0.075505 0.006887 0.011396 0.013773
0 0.067521 0.004614 0.007198 0.009229
0 0.044333 0.010236 0.035865 0.019594
0 0.129495 0.049930 0.044198 0.063243
0 0.099198 0.037579 0.030584 0.042753
0 0.295961 0.086152 0.059494 0.051659
0 0.332513 0.095058 0.111338 0.051658
0 0.251591 0.005190 0.056401 0.010381
0 0.335739 0.010091 0.030583 0.020182
0 0.575000 0.906302 0.417708 0.187396
0 0.216513 0.033453 0.087838 0.043641
0 0.268734 0.076650 0.075531 0.055821
0 0.243836 0.064477 0.054454 0.043947
