0 0.289323 0.535648 0.251562 0.191666
0 0.686719 0.399537 0.075521 0.130556
0 0.738020 0.482870 0.091667 0.152778
0 0.916667 0.404629 0.106250 0.118519
0 0.976823 0.300000 0.046354 0.220370
0 0.344826 0.378777 0.154079 0.068593
0 0.983334 0.523149 0.033333 0.185185
0 0.820833 0.786574 0.153125 0.260186
0 0.911719 0.870370 0.176562 0.259259
0 0.007292 0.320370 0.014583 0.077778
0 0.100520 0.361575 0.066667 0.112037
0 0.180468 0.368981 0.086979 0.106481
0 0.267709 0.370880 0.103125 0.102871
0 0.092815 0.704805 0.185630 0.186703
0 0.356612 0.491209 0.159172 0.108695
0 0.334836 0.434319 0.208442 0.112713
0 0.313198 0.406625 0.152354 0.075862
