0 0.497516 0.219631 0.024717 0.014230
0 0.119166 0.905506 0.238333 0.186483
0 0.164583 0.734668 0.242500 0.142679
0 0.210833 0.625157 0.200000 0.113893
0 0.237500 0.545682 0.178334 0.092616
0 0.274583 0.490613 0.137500 0.072591
0 0.278750 0.439299 0.135834 0.065082
0 0.295000 0.404881 0.121666 0.061326
0 0.030416 0.629537 0.060833 0.107634
0 0.053750 0.548811 0.107500 0.096370
0 0.070833 0.492491 0.141667 0.081351
0 0.117500 0.448686 0.143334 0.078848
0 0.145833 0.404881 0.130000 0.068836
0 0.172792 0.376095 0.117250 0.063830
0 0.197916 0.355820 0.095833 0.050814
0 0.223750 0.334418 0.095834 0.054568
0 0.235792 0.315395 0.086750 0.042553
0 0.307500 0.371089 0.106666 0.056320
0 0.642084 0.940551 0.289167 0.118899
0 0.619167 0.817271 0.245000 0.180225
0 0.601250 0.698999 0.200834 0.123905
0 0.592083 0.612015 0.199167 0.115144
0 0.561250 0.556320 0.154166 0.088861
0 0.549167 0.498123 0.128333 0.077597
0 0.535833 0.456195 0.116667 0.066333
0 0.533334 0.416771 0.118333 0.062578
0 0.523750 0.388611 0.107500 0.056320
0 0.515250 0.361702 0.099500 0.050062
0 0.510000 0.339236 0.086666 0.047685
0 0.501875 0.321026 0.073250 0.036295
0 0.915833 0.933667 0.168333 0.132666
0 0.871375 0.812203 0.247250 0.182854
0 0.954166 0.718398 0.091667 0.167710
0 0.822083 0.703379 0.214167 0.115144
0 0.797250 0.620463 0.188834 0.090738
0 0.986667 0.563204 0.026667 0.062578
0 0.960417 0.518147 0.079167 0.085107
0 0.939484 0.471778 0.121033 0.074493
0 0.872775 0.404643 0.115550 0.060701
0 0.835187 0.375570 0.088241 0.053017
0 0.810833 0.347353 0.090833 0.051302
0 0.785212 0.326352 0.074791 0.052203
0 0.762396 0.308905 0.065408 0.047998
0 0.745579 0.291114 0.060158 0.045557
0 0.720467 0.270801 0.062267 0.044530
0 0.701904 0.255056 0.051208 0.035870
0 0.688929 0.245569 0.046675 0.034643
0 0.684466 0.227841 0.031433 0.019386
0 0.655709 0.234231 0.037067 0.036295
0 0.617112 0.230269 0.029859 0.035406
0 0.646458 0.258792 0.040500 0.040213
0 0.659687 0.171477 0.036041 0.029036
0 0.580804 0.147077 0.018308 0.020789
0 0.572908 0.122078 0.017850 0.017873
0 0.547941 0.116789 0.024167 0.013529
0 0.544484 0.112597 0.024417 0.015156
0 0.516109 0.122547 0.011167 0.015282
0 0.507192 0.128680 0.012667 0.017009
0 0.491108 0.124236 0.011500 0.016383
0 0.503316 0.144574 0.014917 0.018261
0 0.502109 0.137184 0.013167 0.012516
0 0.466942 0.170538 0.018667 0.021652
0 0.434900 0.158524 0.014584 0.019399
0 0.432775 0.145075 0.014334 0.017784
0 0.451109 0.142885 0.013667 0.019136
0 0.470429 0.142122 0.013192 0.019137
0 0.413346 0.143686 0.014525 0.020288
0 0.411733 0.160714 0.015417 0.021277
0 0.504054 0.302265 0.081958 0.042528
0 0.496196 0.290000 0.081842 0.045082
0 0.499738 0.270100 0.078841 0.032266
0 0.494395 0.259374 0.070325 0.033166
0 0.491275 0.247754 0.063366 0.031903
0 0.487912 0.238736 0.062641 0.032616
0 0.464834 0.200651 0.022167 0.030588
0 0.274012 0.283736 0.075859 0.049700
0 0.283079 0.268974 0.070175 0.037372
0 0.321229 0.357158 0.101192 0.055119
0 0.329317 0.330682 0.098283 0.042040
0 0.337612 0.312935 0.089991 0.040788
0 0.350984 0.298461 0.079417 0.041727
0 0.356166 0.281790 0.073617 0.041427
0 0.361042 0.270425 0.070500 0.036745
0 0.417917 0.553129 0.067500 0.122778
0 0.417083 0.455257 0.057500 0.093492
0 0.417083 0.385482 0.045833 0.055069
0 0.421666 0.335232 0.038333 0.047935
0 0.425138 0.299080 0.036325 0.046220
0 0.425300 0.268116 0.029766 0.029023
0 0.423620 0.242340 0.028075 0.038023
0 0.533854 0.189662 0.021842 0.025782
0 0.559713 0.189300 0.026275 0.027209
0 0.545133 0.168486 0.022083 0.022353
0 0.536129 0.158486 0.018958 0.022528
0 0.522154 0.168842 0.018842 0.021264
0 0.461225 0.122515 0.011334 0.017021
0 0.468558 0.134406 0.011500 0.018773
0 0.616000 0.191176 0.028800 0.026433
0 0.638159 0.185845 0.033483 0.027184
0 0.533392 0.227872 0.023400 0.027760
0 0.618437 0.343392 0.104509 0.068836
0 0.692454 0.443398 0.136425 0.067648
0 0.701087 0.489318 0.159991 0.109124
0 0.740833 0.556671 0.173500 0.114744
0 0.607104 0.317203 0.091558 0.049224
0 0.598517 0.300319 0.085300 0.043492
0 0.589508 0.284311 0.083550 0.044793
0 0.580763 0.270151 0.080591 0.040901
0 0.578850 0.254619 0.075300 0.032415
0 0.566283 0.244787 0.069400 0.036383
0 0.560013 0.225407 0.044641 0.016521
0 0.651100 0.381383 0.115500 0.058862
0 0.149296 0.175783 0.035142 0.032441
0 0.798325 0.177434 0.030500 0.018773
0 0.515134 0.103279 0.020167 0.011264
0 0.495841 0.115920 0.010417 0.014018
0 0.490634 0.110851 0.009333 0.009888
0 0.465975 0.112034 0.010316 0.016583
0 0.473225 0.107485 0.006334 0.010889
0 0.495704 0.102791 0.013425 0.009888
