0 0.384821 0.009199 0.024109 0.018398
0 0.578766 0.130352 0.077219 0.096093
0 0.047328 0.134668 0.017188 0.090586
0 0.249188 0.136211 0.049687 0.088594
0 0.295875 0.115352 0.059062 0.082500
0 0.341719 0.112071 0.044250 0.077813
0 0.327656 0.166680 0.093750 0.068906
0 0.384656 0.100821 0.054750 0.091875
0 0.424906 0.088515 0.045438 0.087109
0 0.464094 0.090352 0.040313 0.064219
0 0.497469 0.074922 0.046500 0.076406
0 0.529906 0.060391 0.059250 0.080156
0 0.571797 0.045078 0.070469 0.090156
0 0.617094 0.042110 0.030750 0.065157
0 0.511680 0.017305 0.043359 0.034609
0 0.162578 0.093418 0.052656 0.097304
0 0.207469 0.082617 0.045375 0.053438
0 0.249937 0.073242 0.049687 0.070312
0 0.295781 0.066211 0.049875 0.048750
0 0.336469 0.059649 0.047625 0.057187
0 0.366563 0.050273 0.044813 0.050625
0 0.401062 0.041601 0.047063 0.053907
0 0.444024 0.045801 0.057609 0.057930
0 0.475977 0.033145 0.046797 0.051757
0 0.168594 0.033946 0.052500 0.067891
0 0.203187 0.027617 0.040313 0.055234
0 0.240750 0.020508 0.038688 0.041016
0 0.279218 0.018242 0.040875 0.036484
0 0.313109 0.014687 0.031281 0.029375
0 0.350141 0.010586 0.041281 0.021172
0 0.151562 0.761718 0.096875 0.320313
0 0.518751 0.820312 0.184375 0.257813
0 0.586719 0.730469 0.154687 0.210938
0 0.679688 0.654297 0.149999 0.253906
0 0.746875 0.617188 0.159374 0.195313
0 0.803594 0.566406 0.155312 0.179688
0 0.835157 0.498047 0.132813 0.152344
0 0.889063 0.466797 0.131250 0.160156
0 0.935156 0.423438 0.129687 0.160937
0 0.847657 0.908203 0.182813 0.183594
0 0.364844 0.609375 0.132812 0.234374
0 0.458594 0.562500 0.129688 0.171876
0 0.545312 0.523438 0.131251 0.203125
0 0.613750 0.468750 0.130625 0.164062
0 0.663281 0.441406 0.123438 0.156250
0 0.717969 0.398438 0.095313 0.148437
0 0.766406 0.367188 0.101562 0.132813
0 0.812500 0.339844 0.100000 0.140625
0 0.871094 0.326172 0.092188 0.121094
0 0.928906 0.304296 0.095312 0.100781
0 0.878906 0.197265 0.104688 0.136719
0 0.786718 0.117188 0.076563 0.078125
0 0.825781 0.052734 0.076562 0.074219
0 0.971875 0.111328 0.056250 0.082032
0 0.963281 0.058789 0.073438 0.055078
0 0.067187 0.421875 0.093749 0.242188
0 0.024219 0.234375 0.048438 0.109374
0 0.032813 0.048828 0.053125 0.082032
0 0.077344 0.039453 0.039062 0.063282
0 0.122812 0.040820 0.054375 0.069141
0 0.234375 0.360156 0.093750 0.162500
0 0.303906 0.343750 0.085938 0.125000
0 0.363281 0.298828 0.089063 0.160156
0 0.432031 0.384766 0.126562 0.152344
0 0.434375 0.287110 0.056250 0.082031
0 0.478672 0.271485 0.077032 0.105469
0 0.535157 0.244141 0.085937 0.121094
0 0.586328 0.228515 0.055468 0.105469
0 0.617969 0.205078 0.057812 0.089844
0 0.659375 0.191406 0.059376 0.093750
0 0.198047 0.146484 0.060156 0.089844
0 0.156563 0.162695 0.040000 0.104297
0 0.175937 0.291015 0.067500 0.136719
0 0.242187 0.265820 0.075000 0.117578
0 0.300156 0.244922 0.067188 0.091406
0 0.688281 0.177735 0.079687 0.105469
0 0.725781 0.167969 0.051563 0.085938
0 0.967305 0.379512 0.065391 0.105273
0 0.696313 0.101738 0.073625 0.070586
0 0.659601 0.115019 0.045421 0.052149
0 0.618765 0.125586 0.050125 0.065782
0 0.365914 0.210586 0.076484 0.053594
0 0.417203 0.209687 0.072562 0.080391
0 0.459664 0.188750 0.070672 0.081874
0 0.504938 0.167422 0.062625 0.076250
0 0.539640 0.145000 0.075843 0.087500
