0 0.745637 0.323683 0.247362 0.100184
0 0.719967 0.280331 0.202923 0.093138
0 0.983868 0.189951 0.032265 0.106004
0 0.971997 0.124081 0.056006 0.068628
0 0.609679 0.155637 0.187703 0.091299
0 0.634974 0.188113 0.210288 0.069240
0 0.702922 0.251685 0.230520 0.113052
0 0.641645 0.235575 0.152940 0.101437
0 0.596581 0.219494 0.125631 0.092365
0 0.797686 0.432598 0.269075 0.129902
0 0.787135 0.488204 0.294237 0.133885
0 0.779018 0.544118 0.314935 0.126225
0 0.794440 0.626532 0.323864 0.202206
0 0.966518 0.898131 0.066964 0.200062
0 0.845272 0.884651 0.223418 0.224571
0 0.036932 0.644302 0.073864 0.216911
0 0.132680 0.539982 0.137237 0.167586
0 0.170658 0.436580 0.116071 0.148897
0 0.464915 0.012255 0.039813 0.024510
0 0.393832 0.026808 0.103815 0.053615
0 0.234984 0.193015 0.099026 0.119485
0 0.308847 0.310968 0.106737 0.117647
0 0.334415 0.398591 0.108767 0.110907
0 0.349026 0.496017 0.132306 0.128676
0 0.322139 0.634498 0.164164 0.192402
0 0.259984 0.777711 0.194480 0.195190
0 0.099026 0.902573 0.198052 0.194853
0 0.836851 0.368259 0.209010 0.117647
0 0.793932 0.382506 0.269683 0.116115
