0 0.063790 0.549500 0.127580 0.177975
0 0.027517 0.329255 0.055034 0.133482
0 0.107255 0.360401 0.168231 0.173527
0 0.247968 0.375974 0.124453 0.155729
0 0.332396 0.419355 0.128205 0.162402
0 0.342089 0.578421 0.203878 0.169077
0 0.473108 0.377086 0.091932 0.160178
0 0.569887 0.379866 0.075985 0.139043
0 0.515635 0.513904 0.141964 0.166852
0 0.124140 0.824805 0.248280 0.236930
0 0.422764 0.744161 0.213884 0.195773
0 0.636961 0.721913 0.213259 0.173526
0 0.573171 0.929366 0.169481 0.141268
0 0.382114 0.968854 0.108818 0.062291
0 0.620388 0.552836 0.130081 0.160178
0 0.694809 0.455506 0.095059 0.152392
0 0.782677 0.561735 0.106942 0.177976
0 0.849594 0.501112 0.104441 0.172414
0 0.923702 0.438264 0.111319 0.155729
0 0.984678 0.567297 0.030644 0.088988
0 0.727955 0.283982 0.070044 0.135039
0 0.788306 0.299221 0.064415 0.115684
0 0.843027 0.304783 0.070044 0.102336
0 0.773234 0.199555 0.052533 0.088098
0 0.966479 0.156285 0.067042 0.043382
0 0.654471 0.131257 0.056911 0.091212
0 0.789556 0.087875 0.040650 0.062291
0 0.777048 0.139044 0.039400 0.066741
0 0.736711 0.059233 0.036273 0.040601
0 0.911547 0.154194 0.062833 0.058577
0 0.872533 0.199255 0.053708 0.064894
