0 0.918490 0.112176 0.156354 0.137314
0 0.965417 0.076713 0.069167 0.103426
0 0.985156 0.013889 0.029687 0.027778
0 0.917161 0.022315 0.128697 0.044630
0 0.800417 0.039028 0.136250 0.078056
0 0.638464 0.040232 0.120261 0.080463
0 0.078906 0.895833 0.157812 0.208333
0 0.147917 0.962037 0.186458 0.075926
0 0.258854 0.877778 0.234375 0.244444
0 0.458593 0.887037 0.218229 0.225926
0 0.623438 0.938889 0.217709 0.122222
0 0.708698 0.868055 0.218438 0.162037
0 0.822240 0.938889 0.221146 0.122222
0 0.722657 0.693982 0.213021 0.200925
0 0.874896 0.674537 0.213750 0.208334
0 0.965807 0.650000 0.068385 0.183334
0 0.984375 0.532870 0.031250 0.052778
0 0.888880 0.559861 0.166302 0.099352
0 0.735677 0.562223 0.161146 0.115185
0 0.582214 0.581157 0.184531 0.156759
0 0.546536 0.686574 0.193385 0.252778
0 0.377343 0.716204 0.199479 0.247222
0 0.041146 0.640926 0.082292 0.203334
0 0.025313 0.494445 0.050625 0.148149
0 0.059245 0.431343 0.118490 0.155833
0 0.033932 0.310324 0.067865 0.121944
0 0.046719 0.259259 0.093438 0.161111
0 0.015104 0.156945 0.030208 0.065741
0 0.012995 0.050324 0.025990 0.051018
0 0.082292 0.169537 0.130208 0.138704
0 0.118959 0.080093 0.132709 0.150926
0 0.060209 0.051620 0.074583 0.103241
0 0.190260 0.047222 0.116979 0.094444
0 0.315833 0.046296 0.145208 0.092593
0 0.233594 0.017500 0.022396 0.035000
0 0.417760 0.038982 0.069479 0.077963
0 0.449922 0.146666 0.131719 0.140555
0 0.551015 0.091898 0.140573 0.124908
0 0.590078 0.142268 0.135364 0.119167
0 0.511849 0.042592 0.118490 0.085185
0 0.022448 0.107777 0.044896 0.072963
0 0.992448 0.807408 0.015104 0.111111
0 0.017448 0.011111 0.034896 0.022222
0 0.115104 0.008797 0.041666 0.017593
0 0.205234 0.630556 0.185261 0.215741
0 0.382032 0.588426 0.156771 0.150926
0 0.140937 0.484259 0.172499 0.190741
0 0.352395 0.094908 0.124375 0.112037
0 0.577604 0.258796 0.131250 0.073148
0 0.613932 0.350556 0.152448 0.124815
0 0.485235 0.318102 0.162135 0.088056
0 0.458229 0.374074 0.140104 0.090740
0 0.598620 0.441204 0.175364 0.171296
0 0.168060 0.716412 0.208495 0.257584
0 0.313356 0.478449 0.194161 0.193490
0 0.451354 0.459722 0.187292 0.176852
0 0.771276 0.210278 0.131094 0.122407
0 0.587265 0.217547 0.157865 0.141759
0 0.454688 0.226852 0.111667 0.107408
0 0.377084 0.263426 0.160417 0.175000
0 0.327995 0.367592 0.121094 0.072223
0 0.194531 0.399953 0.127604 0.133241
0 0.144479 0.311574 0.142083 0.139814
0 0.164245 0.266667 0.141198 0.127778
0 0.232135 0.112037 0.094791 0.096296
0 0.326433 0.134398 0.134219 0.087500
0 0.266485 0.254907 0.096511 0.158703
0 0.203359 0.166620 0.132761 0.131574
0 0.453620 0.016806 0.011823 0.033611
0 0.568229 0.016203 0.023958 0.032407
0 0.685937 0.017593 0.018750 0.035185
0 0.678516 0.107686 0.131927 0.138333
0 0.795287 0.071250 0.107239 0.059166
0 0.803724 0.122824 0.145678 0.108056
0 0.895911 0.221759 0.147761 0.148333
0 0.881510 0.261296 0.134895 0.132963
0 0.916589 0.360787 0.122031 0.103056
0 0.730391 0.267130 0.146198 0.097222
0 0.768750 0.324398 0.181250 0.152500
0 0.747656 0.452777 0.180729 0.190741
0 0.892448 0.449398 0.179688 0.174722
0 0.975703 0.421760 0.048594 0.165741
0 0.986302 0.318056 0.027396 0.039815
0 0.982708 0.259722 0.034583 0.113889
0 0.973386 0.177453 0.053229 0.096019
0 0.892958 0.883847 0.214083 0.232306
