0 0.459257 0.033803 0.035057 0.067606
0 0.479135 0.008169 0.005263 0.016338
0 0.115132 0.161268 0.149436 0.184507
0 0.105357 0.079578 0.129887 0.142253
0 0.218374 0.059859 0.140884 0.119718
0 0.307331 0.008450 0.039474 0.016901
0 0.787124 0.899296 0.275376 0.201408
0 0.356390 0.121831 0.131203 0.153522
0 0.320489 0.203521 0.124060 0.170422
0 0.252725 0.281549 0.171241 0.239718
0 0.080357 0.692958 0.160714 0.290141
0 0.176692 0.429578 0.214286 0.261971
0 0.636748 0.033803 0.042293 0.067606
0 0.583176 0.055704 0.102443 0.111408
0 0.547462 0.100704 0.123121 0.139437
0 0.594455 0.195775 0.125000 0.200000
0 0.538064 0.273944 0.158834 0.209859
0 0.490131 0.419718 0.190789 0.259155
0 0.445018 0.598591 0.220865 0.309859
0 0.337876 0.784507 0.290414 0.430986
0 0.791824 0.061268 0.132519 0.122535
0 0.808130 0.154226 0.124342 0.159155
0 0.772415 0.214085 0.146335 0.185915
0 0.799812 0.359859 0.191730 0.246479
0 0.795582 0.553521 0.215225 0.228169
0 0.774906 0.734507 0.252820 0.308450
0 0.400282 0.060563 0.112970 0.121127
