0 0.717000 0.216071 0.118000 0.130357
0 0.881667 0.602232 0.203333 0.283036
0 0.387500 0.092366 0.090600 0.087232
0 0.359700 0.030090 0.074334 0.059643
0 0.419934 0.066339 0.080267 0.081429
0 0.861100 0.050267 0.089800 0.068393
0 0.265333 0.093884 0.104667 0.092768
0 0.642334 0.741965 0.215333 0.244643
0 0.646667 0.571429 0.192000 0.173215
0 0.324333 0.756250 0.224667 0.258928
0 0.387667 0.619643 0.206000 0.266072
0 0.095667 0.728125 0.191333 0.284822
0 0.018000 0.542411 0.036000 0.091964
0 0.148000 0.609822 0.202666 0.248215
0 0.089000 0.383929 0.178000 0.191071
0 0.035333 0.303125 0.070667 0.131250
0 0.183000 0.316294 0.132666 0.151339
0 0.281333 0.399196 0.168000 0.171250
0 0.334333 0.322500 0.154000 0.172858
0 0.490333 0.391518 0.152667 0.183036
0 0.519033 0.318215 0.144600 0.179643
0 0.685000 0.391964 0.162000 0.191071
0 0.705000 0.279554 0.128666 0.101607
0 0.727967 0.163035 0.111800 0.103393
0 0.746400 0.095224 0.093600 0.110089
0 0.880000 0.405401 0.153334 0.176875
0 0.877000 0.308884 0.143334 0.099196
0 0.868334 0.208839 0.116667 0.141250
0 0.978100 0.217411 0.043800 0.124107
0 0.979666 0.146027 0.040667 0.072411
0 0.964200 0.103080 0.071600 0.101339
0 0.964600 0.048973 0.070800 0.046696
0 0.950133 0.025982 0.069067 0.051964
0 0.994667 0.013839 0.010667 0.027679
0 0.984200 0.007723 0.011600 0.015446
0 0.911667 0.016652 0.012667 0.033304
0 0.900033 0.009420 0.012067 0.018839
0 0.879200 0.140224 0.089600 0.036339
0 0.860467 0.105536 0.094267 0.102321
0 0.572134 0.214196 0.119733 0.125179
0 0.591033 0.175759 0.108200 0.117590
0 0.624900 0.100625 0.083534 0.100536
0 0.647267 0.076339 0.078800 0.095536
0 0.420867 0.212857 0.112800 0.125536
0 0.459666 0.167276 0.099333 0.124375
0 0.032667 0.195804 0.065333 0.097500
0 0.042667 0.161295 0.085333 0.106518
0 0.136233 0.208616 0.143400 0.123125
0 0.033000 0.026339 0.066000 0.052679
0 0.076133 0.021875 0.030933 0.043750
0 0.123533 0.016473 0.068400 0.032946
0 0.164200 0.014285 0.017734 0.028571
0 0.198100 0.009956 0.050866 0.019911
0 0.227200 0.006384 0.007600 0.012768
0 0.147967 0.096965 0.098600 0.097143
0 0.193034 0.061518 0.075267 0.084107
0 0.308867 0.063215 0.083733 0.091429
0 0.275334 0.208482 0.133333 0.109822
0 0.317600 0.170982 0.120134 0.120536
0 0.620990 0.019223 0.029046 0.038446
0 0.508366 0.097366 0.082067 0.097590
0 0.530533 0.074108 0.072267 0.092857
0 0.994236 0.384076 0.011527 0.136134
0 0.990044 0.326777 0.019913 0.112339
0 0.664903 0.035000 0.081500 0.070000
0 0.666287 0.006741 0.077680 0.013482
0 0.561787 0.034304 0.081000 0.068607
0 0.601336 0.025777 0.014593 0.051554
0 0.506653 0.017035 0.028280 0.034071
0 0.429343 0.012116 0.014220 0.024232
0 0.413046 0.013504 0.033173 0.027009
0 0.466886 0.028594 0.072307 0.057187
0 0.263043 0.024504 0.079767 0.049009
0 0.307943 0.009331 0.029580 0.018661
0 0.707800 0.019732 0.018800 0.039464
0 0.748013 0.038562 0.098013 0.052767
0 0.759823 0.024607 0.080713 0.049214
0 0.852276 0.035518 0.082367 0.071036
0 0.851540 0.002071 0.074600 0.004143
0 0.793027 0.017910 0.014960 0.035821
0 0.802144 0.014889 0.004207 0.029777
0 0.184243 0.163942 0.119540 0.115938
0 0.520650 0.013942 0.015046 0.027884
0 0.722720 0.010844 0.012066 0.021687
