0 0.074774 0.028264 0.047427 0.031528
0 0.799434 0.172689 0.153133 0.080687
0 0.670266 0.190166 0.152533 0.124408
0 0.555167 0.279087 0.118200 0.135901
0 0.386100 0.346860 0.301534 0.277844
0 0.511867 0.529502 0.293600 0.134834
0 0.464767 0.715995 0.394467 0.376066
0 0.184866 0.619135 0.369733 0.235900
0 0.016667 0.556280 0.033333 0.088863
0 0.782334 0.754147 0.435333 0.356635
0 0.818100 0.548282 0.363800 0.269550
0 0.850367 0.383768 0.217800 0.082701
0 0.056334 0.334123 0.112667 0.144550
0 0.261933 0.865522 0.523867 0.268957
0 0.216657 0.100379 0.182287 0.082228
0 0.375460 0.121665 0.137760 0.096197
0 0.391714 0.069099 0.125187 0.048105
0 0.483087 0.073305 0.077427 0.044739
0 0.670960 0.079046 0.075226 0.051457
0 0.635167 0.050728 0.052240 0.060509
0 0.696537 0.038400 0.058780 0.030000
0 0.948020 0.091410 0.087040 0.042512
0 0.855034 0.119805 0.148413 0.092785
0 0.751180 0.084508 0.121000 0.062903
0 0.599104 0.137151 0.138113 0.113567
0 0.485613 0.145373 0.123440 0.114514
0 0.568674 0.081635 0.129053 0.066470
0 0.435240 0.167091 0.144574 0.085960
0 0.379580 0.208767 0.158146 0.058531
0 0.126476 0.280308 0.168713 0.079786
0 0.099504 0.216606 0.132153 0.059207
0 0.026850 0.236558 0.053700 0.056624
0 0.062877 0.188614 0.125753 0.086872
0 0.927574 0.193080 0.144853 0.105545
0 0.897014 0.146440 0.045973 0.058401
0 0.957566 0.132506 0.084867 0.044158
0 0.722667 0.110053 0.137587 0.045936
0 0.746447 0.219668 0.133027 0.062109
0 0.698546 0.249390 0.158427 0.064348
0 0.698684 0.323561 0.239607 0.110817
0 0.610057 0.393495 0.301207 0.174716
0 0.864877 0.252494 0.199380 0.121576
0 0.978150 0.382441 0.043700 0.126919
0 0.026260 0.011398 0.048880 0.022796
0 0.018003 0.037008 0.036007 0.037927
0 0.870660 0.345670 0.237440 0.102951
0 0.691000 0.952607 0.444666 0.094787
0 0.961000 0.947867 0.078000 0.104265
0 0.959334 0.889218 0.081333 0.178910
0 0.101856 0.094946 0.114713 0.075035
0 0.232743 0.238033 0.160660 0.105450
0 0.140227 0.036890 0.090933 0.047950
0 0.193833 0.184473 0.133133 0.061031
0 0.725167 0.126854 0.103507 0.055486
0 0.140960 0.053424 0.075640 0.017133
0 0.061340 0.085450 0.084014 0.062559
0 0.048950 0.053981 0.097900 0.053246
0 0.302814 0.050806 0.152107 0.101611
0 0.188127 0.469550 0.376253 0.218768
0 0.182714 0.328655 0.181027 0.102334
0 0.180433 0.497464 0.360867 0.182085
0 0.312094 0.190491 0.126467 0.053163
0 0.295876 0.145806 0.086487 0.049597
0 0.165263 0.147814 0.124460 0.073282
0 0.061927 0.132399 0.112893 0.045130
0 0.004876 0.135439 0.009753 0.027939
0 0.013930 0.101079 0.027860 0.070237
