0 0.549399 0.447246 0.009063 0.021004
0 0.190383 0.496044 0.081953 0.062171
0 0.621875 0.498250 0.110938 0.070012
0 0.876172 0.466161 0.033594 0.036172
0 0.782812 0.448250 0.117187 0.095333
0 0.437376 0.439312 0.009375 0.013069
0 0.450578 0.441086 0.013360 0.009685
0 0.504938 0.441704 0.020781 0.013535
0 0.487907 0.446779 0.021875 0.017619
0 0.514117 0.448763 0.034140 0.018786
0 0.445562 0.474551 0.061093 0.038856
0 0.469664 0.447829 0.037110 0.021353
0 0.429465 0.446960 0.014820 0.015531
0 0.089961 0.465694 0.175234 0.120420
0 0.416273 0.446371 0.021407 0.016920
0 0.566156 0.447013 0.026172 0.020070
0 0.346015 0.472229 0.050157 0.031972
0 0.294882 0.486873 0.068047 0.055426
0 0.346484 0.543991 0.161719 0.113885
0 0.466797 0.498775 0.100782 0.064294
