0 0.184559 0.192764 0.044417 0.027134
0 0.668383 0.101477 0.007000 0.007337
0 0.170592 0.142166 0.024483 0.023669
0 0.333117 0.008503 0.008083 0.014408
0 0.324991 0.013095 0.006583 0.014777
0 0.316545 0.014356 0.010575 0.013503
0 0.480858 0.119312 0.013900 0.011160
0 0.475558 0.109682 0.014500 0.014828
0 0.422833 0.142306 0.025750 0.018853
0 0.412958 0.147720 0.043500 0.026369
0 0.406466 0.155605 0.043333 0.022166
0 0.404133 0.167261 0.031667 0.022548
0 0.399633 0.159172 0.042167 0.016816
0 0.386300 0.171542 0.048100 0.022319
0 0.381850 0.178573 0.050000 0.019567
0 0.384250 0.188663 0.046400 0.023235
0 0.386250 0.197911 0.031600 0.028892
0 0.365567 0.202153 0.050400 0.034854
0 0.356387 0.210497 0.053641 0.022930
0 0.359509 0.222236 0.056517 0.025134
0 0.349725 0.235165 0.056400 0.028981
0 0.334125 0.238720 0.054000 0.018586
0 0.333709 0.249389 0.058917 0.022930
0 0.328608 0.261497 0.057833 0.029898
0 0.314267 0.267172 0.063483 0.030650
0 0.313909 0.290751 0.063483 0.045503
0 0.531108 0.149210 0.021000 0.024204
0 0.522242 0.162516 0.022750 0.021796
0 0.521025 0.177478 0.023166 0.029554
0 0.522158 0.193344 0.023750 0.026612
0 0.508400 0.219968 0.024584 0.032242
0 0.509283 0.240847 0.024500 0.036777
0 0.504066 0.257669 0.026917 0.029936
0 0.496908 0.279898 0.033250 0.037452
0 0.490775 0.302580 0.030500 0.032344
0 0.438738 0.125949 0.034141 0.027516
0 0.419300 0.129491 0.037334 0.014523
0 0.423217 0.138471 0.039000 0.023057
0 0.361592 0.162102 0.022583 0.026752
0 0.347758 0.170892 0.023083 0.026497
0 0.342258 0.184395 0.020750 0.021402
0 0.326466 0.201147 0.027667 0.026625
0 0.306983 0.223694 0.024633 0.032484
0 0.283383 0.247516 0.033500 0.031974
0 0.264192 0.268471 0.034550 0.038217
0 0.287166 0.158974 0.038917 0.023453
0 0.299291 0.152663 0.041667 0.025605
0 0.296737 0.142306 0.041391 0.013631
0 0.301767 0.138230 0.026500 0.013885
0 0.306258 0.136382 0.040017 0.022420
0 0.308558 0.129312 0.038250 0.017707
0 0.275725 0.166127 0.045084 0.024331
0 0.273225 0.172115 0.031416 0.023821
0 0.261675 0.174459 0.044000 0.022547
0 0.261300 0.187707 0.043750 0.026114
0 0.244258 0.194713 0.034667 0.030446
0 0.227884 0.196306 0.036417 0.017834
0 0.229467 0.211402 0.052500 0.027975
0 0.229117 0.220497 0.036800 0.030268
0 0.217967 0.238605 0.029900 0.041720
0 0.226967 0.258243 0.035300 0.040051
0 0.194450 0.230446 0.043634 0.032586
0 0.161550 0.250478 0.057316 0.034331
0 0.132475 0.228178 0.056084 0.029936
0 0.153183 0.216650 0.051500 0.031592
0 0.167391 0.209898 0.041417 0.027516
0 0.471250 0.866497 0.182500 0.110573
0 0.472625 0.793057 0.164750 0.090064
0 0.440209 0.982166 0.191083 0.035669
0 0.455000 0.944586 0.193334 0.110828
0 0.167600 0.200599 0.054166 0.026497
0 0.014209 0.331083 0.028417 0.033376
0 0.023541 0.317325 0.047083 0.042038
0 0.053375 0.215286 0.032916 0.031083
0 0.478750 0.708790 0.160834 0.113376
0 0.505125 0.658853 0.150250 0.087133
0 0.516166 0.598663 0.135167 0.075797
0 0.498542 0.558917 0.124917 0.065605
0 0.529084 0.515669 0.126833 0.085096
0 0.506750 0.461784 0.068334 0.039491
0 0.537375 0.483503 0.115916 0.058726
0 0.506750 0.415287 0.081666 0.045860
0 0.524125 0.431083 0.110916 0.054777
0 0.558666 0.362166 0.087667 0.047643
0 0.488791 0.333121 0.035417 0.049682
0 0.387667 0.341656 0.063667 0.046370
0 0.261667 0.322420 0.068333 0.045351
0 0.174584 0.280637 0.057167 0.040000
0 0.088375 0.285605 0.076750 0.049426
0 0.008334 0.349044 0.016667 0.033121
0 0.110750 0.777898 0.139666 0.161402
0 0.167417 0.748089 0.113000 0.100764
0 0.226542 0.658280 0.118083 0.100000
0 0.245417 0.592548 0.107500 0.098981
0 0.260250 0.522739 0.099500 0.093376
0 0.013917 0.782612 0.027833 0.078089
0 0.025500 0.711465 0.051000 0.113376
0 0.063834 0.658280 0.117167 0.101274
0 0.100209 0.625223 0.115417 0.111592
0 0.121125 0.578472 0.107250 0.099363
0 0.133666 0.544331 0.100333 0.083312
0 0.160666 0.513376 0.089667 0.070318
0 0.398284 0.262701 0.042567 0.031847
0 0.374817 0.304612 0.073000 0.035669
0 0.372733 0.284038 0.056667 0.022802
0 0.380567 0.274420 0.057833 0.037707
0 0.398691 0.255503 0.058417 0.031465
0 0.419650 0.247414 0.045166 0.031082
0 0.416817 0.231363 0.046167 0.025223
0 0.427967 0.228841 0.049400 0.030573
0 0.422967 0.216000 0.046200 0.025682
0 0.423683 0.206217 0.048417 0.022930
0 0.442350 0.202713 0.033084 0.026624
0 0.437850 0.192140 0.047416 0.023058
0 0.441808 0.183414 0.049833 0.022930
0 0.446684 0.176407 0.047583 0.021911
0 0.447725 0.166280 0.046500 0.022293
0 0.448592 0.157770 0.039000 0.014777
0 0.454755 0.152433 0.041175 0.035669
0 0.476675 0.138281 0.027834 0.022675
0 0.485754 0.137076 0.022508 0.025873
0 0.489841 0.118095 0.029667 0.025337
0 0.531050 0.081529 0.017584 0.021783
0 0.557217 0.079299 0.016250 0.027007
0 0.598425 0.079879 0.014666 0.020522
0 0.626242 0.091745 0.028000 0.014140
0 0.590159 0.093783 0.041667 0.021019
0 0.597641 0.085987 0.011833 0.009682
0 0.567900 0.099121 0.012166 0.010064
0 0.573525 0.111796 0.018250 0.020892
0 0.593783 0.103516 0.018400 0.022676
0 0.585275 0.115745 0.016750 0.020892
0 0.619108 0.081669 0.015250 0.020510
0 0.643317 0.081669 0.016500 0.017962
0 0.665442 0.082560 0.014083 0.016179
0 0.691941 0.080204 0.017917 0.013503
0 0.666316 0.095363 0.011333 0.015286
0 0.642066 0.096446 0.036667 0.019236
0 0.623317 0.105745 0.017833 0.018981
0 0.645400 0.105937 0.015334 0.016815
0 0.561859 0.114344 0.015417 0.017580
0 0.541525 0.092879 0.014916 0.015668
0 0.539013 0.113593 0.017859 0.027389
0 0.273200 0.041898 0.013166 0.017580
0 0.291333 0.033242 0.012000 0.015274
0 0.282533 0.035408 0.015000 0.017312
0 0.577421 0.160433 0.031342 0.023440
0 0.561000 0.339873 0.089666 0.037707
0 0.262116 0.046994 0.014333 0.019363
0 0.460800 0.144917 0.042750 0.025478
0 0.509050 0.099172 0.038084 0.020382
0 0.535234 0.139325 0.016583 0.022548
0 0.555867 0.133962 0.029000 0.022802
0 0.579350 0.133707 0.041366 0.016942
0 0.577175 0.142599 0.044834 0.023439
0 0.578550 0.147758 0.034750 0.021020
0 0.571384 0.151643 0.044083 0.019618
0 0.242700 0.058267 0.018500 0.018727
0 0.562175 0.163172 0.050834 0.023566
0 0.571267 0.174879 0.049500 0.021274
0 0.573267 0.187426 0.050667 0.021401
0 0.573559 0.197491 0.049583 0.028789
0 0.559629 0.203287 0.054592 0.023057
0 0.559241 0.211115 0.058417 0.024140
0 0.557659 0.218917 0.059083 0.028026
0 0.564025 0.229911 0.059500 0.031210
0 0.557983 0.240293 0.058917 0.025732
0 0.560984 0.249338 0.065417 0.030828
0 0.564400 0.262076 0.060750 0.026751
0 0.562358 0.275325 0.069833 0.028790
0 0.568358 0.287045 0.054333 0.031337
0 0.564275 0.299910 0.059500 0.031847
0 0.556941 0.314561 0.076333 0.034395
0 0.560025 0.322140 0.066834 0.024586
0 0.463246 0.128650 0.040658 0.022548
0 0.455909 0.107885 0.018167 0.023567
0 0.493491 0.073873 0.019333 0.024331
0 0.471984 0.075847 0.017083 0.024458
0 0.427109 0.075147 0.018333 0.025095
0 0.408666 0.085070 0.023417 0.010574
0 0.441758 0.089606 0.029400 0.023847
0 0.344758 0.050446 0.009000 0.014140
0 0.354883 0.049108 0.006250 0.016306
0 0.255742 0.054510 0.014083 0.017325
0 0.320588 0.067834 0.014491 0.018599
0 0.327671 0.061146 0.014008 0.016433
0 0.334842 0.053185 0.019000 0.017834
0 0.327975 0.087363 0.031000 0.019490
0 0.339092 0.106497 0.019750 0.020382
0 0.360092 0.107707 0.018417 0.017962
0 0.359258 0.101656 0.034250 0.021146
0 0.384925 0.107898 0.017416 0.020382
0 0.413216 0.096369 0.034167 0.021274
0 0.408967 0.108153 0.018333 0.023184
0 0.434167 0.105133 0.015083 0.012611
0 0.429792 0.114688 0.024500 0.012866
0 0.127016 0.090064 0.023083 0.021147
0 0.145850 0.092165 0.020916 0.018981
0 0.165392 0.096114 0.021500 0.023567
0 0.198904 0.079044 0.018642 0.021019
0 0.179433 0.079427 0.018083 0.019490
0 0.161100 0.078981 0.020584 0.019108
0 0.118791 0.079312 0.014167 0.013376
0 0.305492 0.022089 0.029083 0.020000
0 0.344600 0.006006 0.010834 0.012013
0 0.353196 0.003675 0.008742 0.007350
0 0.446567 0.073439 0.014600 0.017579
0 0.402067 0.077261 0.015000 0.019414
0 0.385917 0.073439 0.017700 0.021555
0 0.367667 0.073134 0.016800 0.012382
0 0.382721 0.089491 0.011692 0.016969
0 0.362658 0.094509 0.032917 0.020765
0 0.365600 0.086230 0.026034 0.015669
0 0.464533 0.097567 0.038667 0.018472
0 0.487375 0.094854 0.022000 0.018089
0 0.328558 0.125057 0.038917 0.022421
0 0.360225 0.125758 0.021416 0.025606
0 0.380516 0.135630 0.024833 0.024969
0 0.251017 0.117096 0.026000 0.013375
0 0.273392 0.122700 0.033250 0.018471
0 0.269225 0.128051 0.032916 0.020254
0 0.256308 0.132383 0.041583 0.023057
0 0.251308 0.139516 0.037583 0.021274
0 0.246308 0.146140 0.036917 0.021784
0 0.238633 0.151682 0.037267 0.019873
0 0.230475 0.157987 0.039416 0.023312
0 0.217392 0.163593 0.043750 0.027389
0 0.216433 0.171681 0.026000 0.024203
0 0.198267 0.173784 0.050167 0.031211
0 0.194183 0.187160 0.042000 0.023567
