0 0.559322 0.360729 0.041391 0.020529
0 0.985596 0.477925 0.028808 0.028698
0 0.008278 0.396910 0.016556 0.062693
0 0.018378 0.371965 0.036755 0.046357
0 0.067881 0.363135 0.043046 0.033113
0 0.060761 0.386976 0.056623 0.045475
0 0.053311 0.426490 0.068874 0.072406
0 0.132616 0.424062 0.059272 0.074614
0 0.145199 0.328918 0.071854 0.035320
0 0.205960 0.422517 0.061589 0.068875
0 0.278973 0.417218 0.064569 0.066225
0 0.343046 0.419315 0.063576 0.062031
0 0.402317 0.417219 0.066225 0.061811
0 0.492384 0.410375 0.074172 0.062252
0 0.935927 0.443709 0.101656 0.053863
0 0.978808 0.439294 0.042384 0.048565
0 0.817533 0.366446 0.046026 0.018984
0 0.027202 0.319647 0.054404 0.031744
0 0.772334 0.339404 0.061921 0.023620
0 0.907698 0.516998 0.111755 0.088742
0 0.954884 0.503642 0.090232 0.074393
0 0.413080 0.742385 0.187087 0.267991
0 0.540728 0.698234 0.209933 0.232672
0 0.793875 0.673289 0.236755 0.189846
0 0.900662 0.649007 0.198675 0.176601
0 0.966888 0.594592 0.066225 0.091170
0 0.985348 0.535320 0.029305 0.033112
0 0.051325 0.818102 0.102649 0.363797
0 0.194536 0.637969 0.134106 0.158940
0 0.046358 0.622517 0.092715 0.101545
0 0.052152 0.543046 0.097682 0.114791
0 0.175496 0.524945 0.096027 0.098013
0 0.276158 0.514349 0.086755 0.097130
0 0.371109 0.503311 0.086589 0.088300
0 0.450580 0.493378 0.101159 0.081677
0 0.526738 0.490729 0.095861 0.082561
0 0.628312 0.559603 0.147351 0.121413
0 0.717880 0.539735 0.107285 0.081678
0 0.792964 0.540838 0.127318 0.092715
0 0.866888 0.532009 0.130463 0.088300
0 0.426714 0.572428 0.120645 0.114260
0 0.537351 0.409525 0.058178 0.051633
0 0.583510 0.409272 0.066954 0.055717
0 0.628717 0.404691 0.072666 0.054680
0 0.681085 0.403929 0.074785 0.049581
0 0.715256 0.400111 0.070911 0.048079
0 0.765298 0.400574 0.072848 0.048786
0 0.805331 0.394724 0.072252 0.055630
0 0.846424 0.397925 0.052980 0.044812
0 0.896506 0.391854 0.081291 0.042384
0 0.934669 0.390408 0.062583 0.040861
0 0.969553 0.346027 0.033940 0.017661
0 0.952252 0.347130 0.022185 0.011038
0 0.927831 0.346854 0.042881 0.010486
0 0.991987 0.353565 0.016026 0.008587
0 0.991059 0.362605 0.017881 0.017042
0 0.975447 0.369802 0.048178 0.035761
0 0.957483 0.369139 0.048013 0.031788
0 0.932070 0.369250 0.059106 0.035099
0 0.906408 0.363621 0.045861 0.018101
0 0.879255 0.364172 0.039238 0.014790
0 0.848593 0.372517 0.043874 0.035099
0 0.858874 0.312693 0.033278 0.018764
0 0.654156 0.312141 0.034106 0.019867
0 0.613676 0.309824 0.033609 0.020089
0 0.527666 0.306402 0.031457 0.014570
0 0.481308 0.301214 0.057616 0.038632
0 0.369553 0.305519 0.035100 0.023841
0 0.327252 0.305850 0.053477 0.022738
0 0.098526 0.298918 0.059603 0.025165
0 0.047815 0.346645 0.095629 0.037307
0 0.875166 0.450883 0.082715 0.049668
0 0.830977 0.458653 0.085265 0.057616
0 0.774619 0.463422 0.089834 0.058764
0 0.713096 0.467616 0.077218 0.064856
0 0.663303 0.475055 0.101274 0.067506
0 0.614222 0.483090 0.100530 0.055895
0 0.315290 0.606888 0.119652 0.144591
0 0.177169 0.369559 0.043742 0.046137
0 0.232980 0.368455 0.041390 0.037748
0 0.281234 0.365739 0.041275 0.037175
0 0.328179 0.366997 0.043046 0.038411
0 0.365447 0.390861 0.050000 0.042826
0 0.438708 0.381700 0.052483 0.062472
0 0.455679 0.364702 0.037748 0.029802
0 0.488287 0.365806 0.042069 0.029360
0 0.525513 0.378874 0.054669 0.026622
0 0.523294 0.360397 0.037583 0.019426
0 0.593742 0.356755 0.046689 0.017880
0 0.697716 0.356843 0.043709 0.022958
0 0.723560 0.374051 0.042881 0.023598
0 0.988287 0.315805 0.022269 0.019205
0 0.608278 0.371876 0.032285 0.019647
0 0.562872 0.376070 0.043295 0.026711
0 0.639900 0.374194 0.046523 0.025166
0 0.685364 0.370663 0.051490 0.017881
0 0.641234 0.362760 0.043029 0.022825
0 0.670149 0.357064 0.041060 0.022076
0 0.631548 0.355000 0.033294 0.012870
0 0.750140 0.368367 0.039321 0.019337
0 0.774470 0.367859 0.038742 0.017660
0 0.764620 0.355386 0.061755 0.022296
0 0.798394 0.355563 0.028476 0.021412
0 0.880381 0.349338 0.043709 0.016998
0 0.818775 0.350618 0.026324 0.013466
0 0.855496 0.353002 0.029801 0.011700
0 0.302185 0.386943 0.053477 0.048190
0 0.247136 0.391435 0.047351 0.058058
0 0.188742 0.392362 0.043709 0.056292
