0 0.278828 0.204545 0.091100 0.120317
0 0.314455 0.871848 0.213133 0.256304
0 0.367772 0.714091 0.174922 0.256166
0 0.342894 0.602766 0.127789 0.125771
0 0.397106 0.421127 0.115745 0.170475
0 0.426694 0.338903 0.094789 0.141126
0 0.434583 0.166374 0.081100 0.144921
0 0.265950 0.283735 0.089766 0.133478
0 0.289894 0.366522 0.012677 0.118854
0 0.218561 0.415129 0.140678 0.314487
0 0.051906 0.429951 0.103811 0.156383
0 0.027544 0.192441 0.055089 0.124368
0 0.030528 0.137431 0.061056 0.103162
0 0.059339 0.044457 0.081411 0.088913
0 0.183111 0.045830 0.076934 0.091660
0 0.158066 0.141126 0.082555 0.114387
0 0.125584 0.196374 0.091833 0.136107
0 0.108461 0.297935 0.105922 0.165632
0 0.084728 0.776917 0.169456 0.233676
0 0.158606 0.628518 0.144700 0.193834
0 0.168739 0.539169 0.133634 0.169249
0 0.763811 0.956937 0.221200 0.086126
0 0.850661 0.917253 0.228366 0.165494
0 0.965011 0.896809 0.069978 0.206383
0 0.987405 0.980969 0.025189 0.038063
0 0.952061 0.781314 0.095878 0.249308
0 0.909922 0.750830 0.105067 0.189328
0 0.888083 0.692549 0.134922 0.196719
0 0.870389 0.644605 0.123866 0.178498
0 0.900472 0.529091 0.015256 0.057234
0 0.838589 0.460731 0.087644 0.011304
0 0.814400 0.458774 0.105622 0.055573
0 0.803728 0.456650 0.103678 0.102786
0 0.825706 0.423014 0.092900 0.069822
0 0.774478 0.405563 0.095378 0.109664
0 0.779039 0.444655 0.101744 0.165237
0 0.835750 0.199358 0.055678 0.034842
0 0.670850 0.108538 0.077922 0.119803
0 0.695928 0.300770 0.018522 0.163755
0 0.681272 0.186176 0.079900 0.109664
0 0.702844 0.217411 0.068289 0.114072
0 0.685728 0.299783 0.015478 0.116561
0 0.715861 0.231374 0.063589 0.061561
0 0.719183 0.220365 0.074100 0.056067
0 0.673089 0.074101 0.079844 0.081680
0 0.679939 0.056206 0.067456 0.061185
0 0.686728 0.038992 0.065900 0.039842
0 0.684912 0.015820 0.047689 0.028676
0 0.659755 0.035791 0.072377 0.071581
0 0.753394 0.013962 0.062611 0.027925
0 0.772395 0.067203 0.061055 0.103815
0 0.789772 0.096393 0.085056 0.124644
0 0.812522 0.155652 0.077956 0.105178
0 0.860806 0.235049 0.078145 0.094605
0 0.845827 0.338695 0.047811 0.117471
0 0.873667 0.289684 0.067778 0.050198
0 0.907366 0.345346 0.093689 0.112352
0 0.908811 0.374042 0.078911 0.061127
0 0.964467 0.578013 0.071067 0.166423
0 0.990183 0.487638 0.019633 0.029348
0 0.948622 0.441354 0.102756 0.171285
0 0.954244 0.466927 0.091511 0.135632
0 0.985294 0.433053 0.029411 0.036857
0 0.946600 0.479348 0.064134 0.116403
0 0.966017 0.491186 0.067967 0.089644
0 0.993989 0.367174 0.012022 0.040474
0 0.979795 0.322500 0.040411 0.079072
0 0.955794 0.232262 0.009123 0.034407
0 0.995244 0.107233 0.009511 0.080079
0 0.988055 0.070741 0.023889 0.097806
0 0.980600 0.048725 0.038800 0.095277
0 0.833217 0.564397 0.131322 0.205988
0 0.763084 0.339713 0.124967 0.268004
0 0.889611 0.424268 0.051466 0.119447
0 0.973706 0.252065 0.052589 0.202233
0 0.949228 0.204190 0.075678 0.131463
0 0.935950 0.152530 0.075366 0.103873
0 0.947923 0.109842 0.064511 0.061186
0 0.919883 0.110069 0.066078 0.101956
0 0.900044 0.077382 0.092645 0.114407
0 0.914362 0.032114 0.073589 0.064229
0 0.860023 0.043043 0.036267 0.086087
0 0.966472 0.020800 0.032522 0.041601
0 0.843162 0.018439 0.013211 0.036877
0 0.703623 0.880632 0.166889 0.238735
0 0.620550 0.758706 0.025544 0.222471
0 0.708528 0.687836 0.201056 0.296700
0 0.608178 0.689110 0.063044 0.199961
0 0.615644 0.594654 0.056733 0.077292
0 0.643817 0.552026 0.120300 0.108399
0 0.596317 0.595217 0.047922 0.178537
0 0.616017 0.574051 0.113300 0.173359
0 0.644722 0.488893 0.088333 0.042688
0 0.645884 0.475227 0.140545 0.131482
0 0.617656 0.459684 0.099067 0.124980
0 0.607378 0.443528 0.105467 0.172945
0 0.609411 0.371483 0.112134 0.103439
0 0.584477 0.380711 0.081733 0.142213
0 0.575595 0.351492 0.081789 0.128400
0 0.586922 0.284141 0.090244 0.082115
0 0.603822 0.279615 0.070533 0.090178
0 0.602550 0.244486 0.081788 0.061700
0 0.561727 0.257529 0.073433 0.118103
0 0.585328 0.191779 0.094078 0.068024
0 0.557889 0.194802 0.054889 0.077984
0 0.571166 0.114594 0.097711 0.178439
0 0.564628 0.033894 0.071811 0.067273
0 0.529295 0.032915 0.036077 0.065830
0 0.829944 0.176294 0.082023 0.068834
