0 0.743333 0.053969 0.115000 0.107937
0 0.587500 0.056349 0.198334 0.112698
0 0.313983 0.010079 0.045100 0.020159
0 0.282971 0.012294 0.030192 0.024587
0 0.220475 0.052881 0.116284 0.105762
0 0.148183 0.776675 0.286883 0.444238
0 0.398500 0.699207 0.255334 0.423809
0 0.324167 0.526984 0.245000 0.311111
0 0.324167 0.079366 0.146667 0.120635
0 0.143875 0.036667 0.121584 0.057143
0 0.183667 0.151587 0.167667 0.188889
0 0.459250 0.167461 0.191500 0.242857
0 0.625000 0.220635 0.188334 0.250794
0 0.758750 0.246032 0.185834 0.209524
0 0.544166 0.430953 0.191667 0.274603
0 0.412500 0.026984 0.155000 0.053968
0 0.419041 0.331746 0.196417 0.250794
0 0.340834 0.246825 0.183333 0.258730
0 0.052916 0.240476 0.105833 0.480952
0 0.175916 0.238571 0.144833 0.256191
0 0.722083 0.642857 0.274167 0.358730
0 0.922916 0.696825 0.154167 0.520635
0 0.978750 0.901587 0.042500 0.196825
0 0.632084 0.472222 0.224167 0.280952
0 0.842500 0.398413 0.315000 0.276191
0 0.860833 0.234127 0.160000 0.090476
0 0.973750 0.202381 0.052500 0.252381
0 0.636250 0.853174 0.350834 0.293651
0 0.473750 0.791031 0.259166 0.417937
0 0.845417 0.100793 0.145833 0.201587
