0 0.607869 0.272135 0.204585 0.153646
0 0.090458 0.280598 0.180917 0.141927
0 0.352479 0.098307 0.130235 0.069010
0 0.145477 0.218750 0.207187 0.151042
0 0.225278 0.159830 0.139777 0.120443
0 0.947955 0.316406 0.104089 0.135417
0 0.895353 0.522136 0.209294 0.291667
0 0.054523 0.163412 0.109046 0.100261
0 0.984511 0.064909 0.030979 0.043880
0 0.091698 0.404297 0.183395 0.246094
0 0.488228 0.433594 0.237918 0.200521
0 0.392193 0.519531 0.345725 0.250000
0 0.185873 0.619792 0.371747 0.252604
0 0.223668 0.860026 0.447336 0.279948
0 0.138786 0.972656 0.277571 0.054688
0 0.617101 0.765625 0.359355 0.325520
0 0.527881 0.103516 0.138786 0.089844
0 0.628253 0.138086 0.173482 0.135286
0 0.794919 0.216797 0.164808 0.113282
0 0.955267 0.018229 0.089467 0.036458
0 0.741016 0.031901 0.101611 0.063802
0 0.858736 0.033203 0.121438 0.066406
0 0.557621 0.027995 0.064436 0.055990
0 0.633581 0.043229 0.137298 0.086458
0 0.894052 0.160157 0.154894 0.109375
0 0.960967 0.134114 0.078067 0.106771
0 0.991326 0.187500 0.017348 0.067708
0 0.068773 0.094401 0.137546 0.095052
0 0.694548 0.358073 0.246592 0.210938
0 0.907683 0.300131 0.184634 0.170573
0 0.992131 0.225976 0.015737 0.014453
0 0.828377 0.619726 0.323420 0.317839
0 0.462826 0.053386 0.157621 0.106771
0 0.355019 0.160807 0.197026 0.152344
0 0.825960 0.076172 0.147583 0.102864
0 0.467782 0.197265 0.172243 0.105469
0 0.387236 0.317057 0.286245 0.201823
0 0.241636 0.302084 0.044610 0.111979
