0 0.573450 0.286897 0.268900 0.085843
0 0.558000 0.359187 0.180000 0.155120
0 0.431700 0.400753 0.292400 0.178012
0 0.816500 0.249021 0.209000 0.151656
0 0.936000 0.242470 0.040000 0.075301
0 0.927050 0.211596 0.145900 0.091867
0 0.895500 0.151356 0.209000 0.073795
0 0.046000 0.320783 0.092000 0.144578
0 0.083000 0.281627 0.166000 0.144579
0 0.195500 0.818524 0.391000 0.362952
0 0.337000 0.737952 0.456000 0.364458
0 0.514600 0.673946 0.348800 0.284638
0 0.589000 0.600151 0.384000 0.242470
0 0.681500 0.543675 0.339000 0.228916
0 0.763550 0.464608 0.362900 0.281627
0 0.902550 0.453313 0.194900 0.204819
0 0.885400 0.374247 0.229200 0.118976
0 0.913900 0.331325 0.172200 0.093373
0 0.966000 0.277861 0.068000 0.034639
0 0.969500 0.258433 0.061000 0.028313
0 0.031000 0.599398 0.062000 0.081325
0 0.466590 0.028178 0.093720 0.056355
0 0.967450 0.113705 0.065100 0.016566
0 0.013020 0.098178 0.026040 0.097319
0 0.149350 0.261973 0.194300 0.142018
0 0.228800 0.242018 0.184400 0.133434
0 0.296900 0.212349 0.220200 0.150603
0 0.364600 0.195331 0.192800 0.127409
0 0.512750 0.172515 0.131100 0.109488
0 0.538750 0.151356 0.182500 0.109939
0 0.607350 0.143072 0.141300 0.096385
0 0.640750 0.124172 0.174500 0.107078
0 0.694200 0.112199 0.159600 0.100904
0 0.739350 0.098945 0.145300 0.094277
0 0.791650 0.094880 0.112100 0.081325
0 0.802450 0.082078 0.133100 0.082831
0 0.876650 0.072214 0.132700 0.081174
0 0.927200 0.060993 0.087400 0.064759
0 0.955600 0.053690 0.088800 0.064608
0 0.431050 0.173870 0.189900 0.134187
0 0.020455 0.194254 0.040910 0.034353
0 0.040780 0.180422 0.081560 0.062018
0 0.119135 0.166122 0.137190 0.062424
0 0.201235 0.143171 0.112590 0.055979
0 0.275310 0.115580 0.123820 0.045106
0 0.333200 0.114006 0.050200 0.026506
0 0.370635 0.097229 0.098930 0.029338
0 0.430415 0.096860 0.086910 0.040678
0 0.486040 0.082967 0.113660 0.031416
0 0.529775 0.068659 0.128350 0.054367
0 0.582180 0.055165 0.087720 0.034639
0 0.616405 0.044495 0.111250 0.035045
0 0.681575 0.045535 0.029530 0.021823
0 0.693560 0.033087 0.096200 0.040542
0 0.754825 0.031822 0.038650 0.018464
0 0.769515 0.029872 0.075030 0.029654
0 0.776660 0.022763 0.130180 0.045527
0 0.837575 0.017704 0.076690 0.031039
0 0.861905 0.017033 0.068530 0.034066
0 0.943535 0.023945 0.112930 0.041295
0 0.985785 0.019307 0.028430 0.024187
0 0.904575 0.010972 0.025790 0.021943
0 0.700205 0.005091 0.027570 0.010181
0 0.666050 0.011107 0.042460 0.022214
0 0.627850 0.013984 0.053860 0.027695
0 0.596205 0.013758 0.061070 0.027515
0 0.559895 0.018652 0.057550 0.037304
0 0.516555 0.022304 0.084430 0.044608
0 0.428685 0.035293 0.101570 0.070587
0 0.389585 0.040112 0.105490 0.066009
0 0.348730 0.048517 0.114400 0.071009
0 0.267650 0.011295 0.071900 0.022590
0 0.204700 0.012937 0.088600 0.025873
0 0.295705 0.059406 0.109010 0.075527
0 0.250005 0.059126 0.104210 0.070481
0 0.165150 0.024186 0.097500 0.035241
0 0.204710 0.074541 0.120160 0.082786
0 0.047435 0.098344 0.088250 0.100693
0 0.162030 0.082636 0.100820 0.080543
0 0.082285 0.078404 0.164570 0.113976
0 0.081635 0.029729 0.085470 0.029638
0 0.036095 0.016333 0.072190 0.032666
0 0.117015 0.015708 0.077770 0.031416
0 0.320325 0.007342 0.069250 0.014684
0 0.370425 0.003802 0.031890 0.007605
0 0.133500 0.548192 0.267000 0.198795
0 0.257500 0.481927 0.229000 0.153615
0 0.358600 0.450302 0.235200 0.165663
0 0.706000 0.258283 0.210000 0.103916
0 0.723150 0.295933 0.184300 0.094879
