0 0.285051 0.362019 0.197028 0.171087
0 0.258083 0.355000 0.241296 0.171560
0 0.229231 0.335230 0.229093 0.144498
0 0.178731 0.323615 0.120703 0.085919
0 0.185652 0.306839 0.134991 0.075181
0 0.178005 0.297535 0.116398 0.056490
0 0.168245 0.296692 0.095750 0.052020
0 0.727778 0.655293 0.544444 0.689415
0 0.676852 0.501393 0.646296 0.540390
0 0.632732 0.399721 0.550649 0.328691
0 0.493362 0.405474 0.419185 0.312201
0 0.398023 0.398844 0.295732 0.234290
0 0.385703 0.376511 0.341963 0.231406
0 0.312042 0.364631 0.219379 0.185585
