0 0.083841 0.420000 0.167683 0.210000
0 0.211890 0.892500 0.234756 0.215000
0 0.353658 0.842500 0.213415 0.315000
0 0.503049 0.795000 0.225610 0.290000
0 0.634146 0.737500 0.219512 0.295000
0 0.775000 0.667500 0.220732 0.255000
0 0.894817 0.600000 0.210366 0.240000
0 0.950610 0.515000 0.098780 0.180000
0 0.483536 0.978750 0.093903 0.042500
0 0.637195 0.940000 0.170732 0.120000
0 0.812500 0.927500 0.222560 0.145000
0 0.922256 0.890000 0.155488 0.220000
0 0.928354 0.097500 0.143293 0.195000
0 0.820122 0.117500 0.195122 0.235000
0 0.701219 0.169250 0.189025 0.198500
0 0.594512 0.222500 0.176829 0.195000
0 0.476677 0.275000 0.185061 0.220000
0 0.346494 0.317500 0.180792 0.205000
0 0.217988 0.362500 0.185976 0.205000
0 0.019817 0.494000 0.039634 0.158000
0 0.028354 0.240500 0.056707 0.187000
0 0.085366 0.195000 0.164634 0.190000
0 0.217988 0.147500 0.173780 0.205000
0 0.332317 0.097500 0.164634 0.185000
0 0.457317 0.077500 0.182926 0.155000
0 0.574695 0.055000 0.149390 0.110000
0 0.692988 0.039000 0.105488 0.078000
