0 0.652583 0.491359 0.093261 0.040437
0 0.592935 0.415895 0.099192 0.073757
0 0.541474 0.433953 0.046458 0.089016
0 0.533078 0.429629 0.070708 0.098680
0 0.567026 0.320684 0.094052 0.118664
0 0.068844 0.936047 0.137688 0.127906
0 0.202325 0.865742 0.404651 0.268516
0 0.396779 0.812703 0.448297 0.374594
0 0.485299 0.762543 0.387829 0.474430
0 0.625290 0.627082 0.087901 0.157696
0 0.704221 0.586735 0.204276 0.164547
0 0.352099 0.530039 0.139928 0.025844
0 0.289784 0.588863 0.072588 0.091805
0 0.118560 0.664645 0.237120 0.138945
0 0.115222 0.576715 0.230443 0.108648
0 0.238252 0.585215 0.142985 0.115586
0 0.261341 0.506429 0.112068 0.046515
0 0.368893 0.480953 0.124964 0.078844
0 0.362620 0.454250 0.110386 0.071218
0 0.396787 0.418387 0.080709 0.087492
0 0.273745 0.381355 0.112562 0.197039
0 0.195734 0.362860 0.053229 0.080203
0 0.118008 0.500129 0.111338 0.067242
0 0.019266 0.494414 0.038093 0.079547
0 0.052521 0.466289 0.095812 0.119984
0 0.098815 0.425636 0.093464 0.087023
0 0.143779 0.432582 0.044578 0.094618
0 0.132255 0.393160 0.063583 0.042726
0 0.117742 0.364418 0.071214 0.037648
0 0.096881 0.353519 0.051573 0.041961
0 0.079641 0.373906 0.020489 0.023750
0 0.818901 0.769567 0.324542 0.360743
0 0.754987 0.541906 0.139172 0.095531
0 0.467480 0.513524 0.150167 0.050359
0 0.554872 0.513219 0.141817 0.076609
0 0.564539 0.466672 0.084640 0.029297
0 0.547396 0.273101 0.101084 0.082391
0 0.610977 0.289480 0.077057 0.066805
0 0.634378 0.339089 0.043235 0.036195
0 0.469190 0.372711 0.082068 0.139125
0 0.496403 0.385937 0.094443 0.143703
0 0.941318 0.411386 0.087167 0.047977
0 0.959508 0.438671 0.050786 0.064453
0 0.939396 0.427036 0.046292 0.032805
0 0.904818 0.695250 0.190365 0.315390
0 0.835878 0.471903 0.088849 0.094101
0 0.918959 0.527203 0.162083 0.033500
0 0.770104 0.341734 0.158510 0.198219
0 0.833318 0.537289 0.048510 0.038610
0 0.936534 0.487789 0.091318 0.045782
0 0.911333 0.467969 0.111906 0.058922
0 0.882367 0.461183 0.096932 0.055961
0 0.851352 0.418480 0.097359 0.032007
0 0.875773 0.414023 0.076776 0.035671
0 0.802037 0.446481 0.100041 0.093679
0 0.763464 0.435461 0.039843 0.055110
0 0.689706 0.412886 0.081672 0.062945
0 0.743213 0.478387 0.088343 0.031789
0 0.704737 0.465079 0.104016 0.051875
0 0.879881 0.502039 0.107333 0.032812
0 0.630966 0.446340 0.094786 0.064852
