0 0.972465 0.055886 0.055069 0.028708
0 0.641489 0.189690 0.186608 0.073874
0 0.186483 0.138138 0.212766 0.070070
0 0.012516 0.141791 0.025031 0.037337
0 0.306196 0.106356 0.145557 0.052553
0 0.143304 0.760261 0.286608 0.067067
0 0.073279 0.799300 0.146558 0.035035
0 0.142679 0.721721 0.285357 0.109309
0 0.148936 0.666667 0.297872 0.120120
0 0.141427 0.593944 0.282854 0.125426
0 0.143304 0.546046 0.286608 0.116716
0 0.138674 0.504804 0.277347 0.082683
0 0.132040 0.464965 0.264080 0.093094
0 0.129537 0.425825 0.259074 0.097297
0 0.135545 0.247247 0.204505 0.064064
0 0.115519 0.252052 0.175469 0.043644
0 0.892365 0.293894 0.215269 0.061862
0 0.871777 0.279229 0.234168 0.067968
0 0.817084 0.266767 0.203129 0.063063
0 0.634543 0.457457 0.167710 0.130131
0 0.477472 0.548548 0.344180 0.116117
0 0.256570 0.892893 0.513141 0.214214
0 0.961202 0.706206 0.077597 0.253253
0 0.984355 0.475976 0.031289 0.057058
0 0.966208 0.438538 0.067584 0.057857
0 0.953067 0.403403 0.093867 0.068068
0 0.934293 0.371872 0.131414 0.075075
0 0.930538 0.346847 0.138924 0.061061
0 0.896120 0.323674 0.207760 0.085385
0 0.294812 0.080050 0.130050 0.033554
0 0.279531 0.069825 0.110275 0.025556
0 0.287022 0.058564 0.130037 0.028919
0 0.256089 0.055891 0.082566 0.029960
0 0.278229 0.040115 0.071252 0.010120
0 0.260958 0.028593 0.106621 0.035545
0 0.304768 0.024234 0.019375 0.018138
0 0.316633 0.026516 0.027184 0.020541
0 0.120238 0.393659 0.240476 0.062993
0 0.121483 0.374089 0.242966 0.075726
0 0.128335 0.351797 0.256671 0.081952
0 0.114944 0.317788 0.229887 0.060801
0 0.124130 0.300485 0.248260 0.080451
0 0.116502 0.268354 0.233004 0.059529
0 0.566971 0.081051 0.140350 0.038398
0 0.550100 0.068944 0.121752 0.038748
0 0.505332 0.071021 0.042178 0.019380
0 0.533429 0.058533 0.125006 0.035285
0 0.506289 0.052898 0.091052 0.031982
0 0.685939 0.037698 0.078010 0.031712
0 0.660357 0.047962 0.050826 0.026977
0 0.725238 0.051942 0.059036 0.029410
0 0.759737 0.041391 0.057096 0.032172
0 0.790362 0.052693 0.061577 0.028829
0 0.832097 0.039815 0.060563 0.029920
0 0.909231 0.045330 0.057935 0.022833
0 0.921033 0.055190 0.060338 0.023874
0 0.986295 0.038624 0.027409 0.010100
0 0.604512 0.113139 0.128898 0.039269
0 0.623679 0.123173 0.135595 0.044104
0 0.749944 0.199554 0.031452 0.034625
0 0.754775 0.187102 0.041114 0.037608
0 0.615808 0.143193 0.041727 0.010510
0 0.673736 0.153428 0.206170 0.053303
0 0.857791 0.055385 0.066446 0.028849
0 0.323323 0.042313 0.025169 0.014735
0 0.655494 0.132358 0.161051 0.042593
0 0.626139 0.128874 0.108222 0.041332
