0 0.928211 0.661652 0.130390 0.132639
0 0.895789 0.752139 0.139454 0.233056
0 0.072890 0.290556 0.092657 0.135555
0 0.026562 0.393611 0.053125 0.148334
0 0.182109 0.551389 0.088906 0.175000
0 0.106172 0.623611 0.165781 0.302778
0 0.067812 0.779167 0.135625 0.252778
0 0.053125 0.870000 0.106250 0.260000
0 0.435937 0.294305 0.096875 0.155833
0 0.428125 0.384027 0.106250 0.173611
0 0.370234 0.537500 0.131406 0.169444
0 0.358125 0.719445 0.147812 0.194445
0 0.922656 0.915139 0.154687 0.169722
0 0.961719 0.959722 0.076562 0.080556
0 0.254453 0.447083 0.137968 0.200278
0 0.314304 0.114375 0.095859 0.168472
0 0.296078 0.165014 0.072906 0.118084
0 0.282446 0.203902 0.082891 0.121917
0 0.274344 0.253819 0.079656 0.123861
0 0.236273 0.284056 0.098015 0.129611
0 0.649914 0.966306 0.163860 0.067389
0 0.675891 0.941083 0.157500 0.117833
0 0.658000 0.857277 0.176906 0.186611
0 0.694352 0.833098 0.150859 0.265417
0 0.611290 0.762958 0.123047 0.211695
0 0.651828 0.650152 0.127968 0.105139
0 0.605664 0.633861 0.141484 0.218444
0 0.626547 0.512292 0.144875 0.233083
0 0.654453 0.457111 0.109812 0.199222
0 0.619625 0.365973 0.090312 0.069167
0 0.618843 0.331527 0.099375 0.110833
0 0.601890 0.322611 0.092969 0.144166
0 0.616578 0.253584 0.096718 0.088333
0 0.595562 0.239708 0.079063 0.098361
0 0.615063 0.045166 0.059219 0.045833
0 0.628141 0.221806 0.078594 0.111945
0 0.586188 0.199444 0.076250 0.122777
0 0.613218 0.147750 0.079375 0.071112
0 0.593219 0.117222 0.073438 0.053889
0 0.602156 0.091500 0.054000 0.020888
0 0.616422 0.107861 0.066406 0.100278
0 0.587828 0.086056 0.041719 0.065000
0 0.593610 0.067305 0.069219 0.085833
0 0.593422 0.025583 0.057812 0.043333
0 0.576758 0.016709 0.023984 0.033417
0 0.612625 0.021514 0.048438 0.043028
0 0.665485 0.376070 0.095157 0.073973
0 0.837649 0.510833 0.110015 0.172000
0 0.851617 0.409305 0.126891 0.133611
0 0.825851 0.388472 0.092921 0.100000
0 0.758703 0.143028 0.091718 0.080278
0 0.806399 0.370305 0.115203 0.167611
0 0.801438 0.332500 0.105750 0.136000
0 0.768594 0.297917 0.090438 0.142000
0 0.773164 0.227625 0.098766 0.072528
0 0.760898 0.208556 0.096297 0.118389
0 0.748000 0.165250 0.070938 0.046944
0 0.763468 0.107194 0.082187 0.074167
0 0.742828 0.103583 0.084032 0.136389
0 0.718172 0.058722 0.076906 0.117444
0 0.763531 0.018055 0.021438 0.036111
0 0.688859 0.013680 0.010094 0.027361
0 0.193000 0.391945 0.094500 0.146389
0 0.333062 0.904208 0.191469 0.191583
0 0.873649 0.557430 0.132985 0.175583
0 0.974015 0.234986 0.051969 0.063694
0 0.965680 0.332000 0.068641 0.136222
0 0.964477 0.392973 0.043922 0.149389
0 0.983633 0.413611 0.032734 0.292278
0 0.886555 0.626333 0.138422 0.150000
0 0.836195 0.044625 0.015422 0.089250
0 0.828407 0.031153 0.027031 0.062306
0 0.451461 0.229139 0.106266 0.164334
0 0.461039 0.157583 0.081140 0.056111
0 0.460320 0.130806 0.089328 0.068111
0 0.890985 0.062264 0.095937 0.124528
0 0.433968 0.055583 0.011125 0.040611
0 0.474109 0.072138 0.086406 0.138611
0 0.460610 0.020445 0.060187 0.040889
0 0.141969 0.187111 0.077406 0.120778
0 0.158727 0.157112 0.071328 0.114389
0 0.171109 0.119306 0.086625 0.123611
0 0.169078 0.062305 0.083468 0.062389
0 0.198781 0.075708 0.057375 0.097195
0 0.219438 0.055986 0.063593 0.096416
0 0.217805 0.025708 0.074391 0.051417
0 0.266101 0.017569 0.024079 0.035139
0 0.289281 0.006181 0.022719 0.012361
0 0.372789 0.011569 0.060546 0.023139
0 0.327804 0.052694 0.065609 0.078723
0 0.353320 0.062055 0.045891 0.101277
0 0.923438 0.805555 0.153125 0.172223
0 0.101954 0.220833 0.094531 0.147222
0 0.894265 0.095222 0.064687 0.101944
0 0.900094 0.119931 0.066344 0.100973
0 0.886329 0.175402 0.032031 0.153583
0 0.946219 0.183555 0.102406 0.206167
0 0.945211 0.259945 0.060204 0.137723
