0 0.863500 0.663910 0.263000 0.341353
0 0.720510 0.466714 0.244080 0.318632
0 0.183000 0.084962 0.138000 0.169925
0 0.098000 0.060151 0.052000 0.120301
0 0.281000 0.132331 0.174000 0.213534
0 0.387000 0.200751 0.194000 0.230075
0 0.520500 0.309774 0.215000 0.261655
0 0.286500 0.403007 0.197000 0.246617
0 0.177550 0.259398 0.144900 0.115789
0 0.073500 0.172932 0.147000 0.084211
0 0.042050 0.094060 0.084100 0.106616
0 0.009500 0.021052 0.019000 0.042105
0 0.291300 0.013534 0.079400 0.027068
0 0.359750 0.038346 0.057500 0.076692
0 0.443000 0.057143 0.134000 0.114286
0 0.571850 0.094737 0.171700 0.189474
0 0.682500 0.154136 0.215000 0.257143
0 0.901500 0.292481 0.197000 0.278196
0 0.140500 0.559474 0.281000 0.733684
0 0.480000 0.607519 0.256000 0.273684
0 0.560500 0.798496 0.301000 0.384962
0 0.638000 0.951879 0.320000 0.096241
0 0.939500 0.824060 0.121000 0.351880
