0 0.973912 0.340974 0.052177 0.197708
0 0.160081 0.580946 0.271774 0.233525
0 0.299194 0.687679 0.298387 0.309456
0 0.174194 0.902579 0.348387 0.194842
0 0.532662 0.798424 0.302419 0.304584
0 0.814920 0.588109 0.147581 0.219198
0 0.937056 0.298710 0.112823 0.136103
0 0.928346 0.178438 0.113145 0.110172
0 0.983307 0.114828 0.033387 0.077794
0 0.987903 0.164469 0.024194 0.155301
0 0.316129 0.411174 0.141936 0.183381
0 0.423790 0.298711 0.171774 0.150430
0 0.521371 0.389971 0.192742 0.166762
0 0.597984 0.513038 0.207258 0.208883
0 0.767339 0.369986 0.192742 0.171203
0 0.814516 0.242694 0.148387 0.133525
0 0.857661 0.096777 0.185484 0.193553
0 0.706452 0.181949 0.145161 0.140401
0 0.590928 0.239255 0.157661 0.151862
0 0.662662 0.314684 0.154355 0.147135
0 0.972581 0.013610 0.054839 0.027221
0 0.063307 0.466332 0.126613 0.167622
