0 0.955966 0.338384 0.088068 0.043771
0 0.873627 0.320707 0.057102 0.018518
0 0.045995 0.358451 0.091989 0.066700
0 0.143343 0.366237 0.143314 0.044057
0 0.282774 0.356692 0.152273 0.062104
0 0.377263 0.350580 0.060019 0.025471
0 0.421032 0.349074 0.131042 0.062660
0 0.474322 0.337467 0.089555 0.040185
0 0.536004 0.330093 0.095170 0.033553
0 0.609242 0.333703 0.068750 0.015151
0 0.659219 0.338502 0.048722 0.016633
0 0.717713 0.330168 0.072566 0.014747
0 0.219740 0.299824 0.047055 0.032239
0 0.234683 0.312188 0.072263 0.039023
0 0.612780 0.303594 0.041563 0.026818
0 0.554887 0.279933 0.061041 0.045387
0 0.466042 0.281877 0.052822 0.038400
0 0.893750 0.309663 0.017614 0.018519
0 0.851477 0.304268 0.038731 0.048637
0 0.877556 0.304866 0.016667 0.014647
0 0.830573 0.297542 0.011600 0.026464
0 0.035734 0.300531 0.063134 0.049445
0 0.129972 0.309107 0.127007 0.092155
0 0.110796 0.738973 0.221591 0.477946
0 0.259943 0.594361 0.519886 0.427441
0 0.452225 0.533501 0.474337 0.343771
0 0.675000 0.484007 0.417046 0.287879
0 0.825426 0.458754 0.299906 0.244108
0 0.907907 0.435607 0.184186 0.172559
0 0.909564 0.380471 0.180871 0.114478
