0 0.242084 0.217778 0.265833 0.131111
0 0.485834 0.277222 0.483333 0.176667
0 0.478584 0.370000 0.287167 0.202222
0 0.890834 0.178889 0.218333 0.111111
0 0.487084 0.162778 0.080833 0.072222
0 0.662084 0.201222 0.339167 0.186444
0 0.304584 0.156666 0.279167 0.075555
0 0.191250 0.910500 0.382500 0.179000
0 0.060833 0.758889 0.121667 0.164444
0 0.865000 0.942222 0.270000 0.115556
0 0.885833 0.767222 0.228333 0.314444
0 0.501250 0.792778 0.570834 0.318889
0 0.118750 0.651112 0.237500 0.251111
0 0.042084 0.425000 0.084167 0.141112
0 0.149584 0.529444 0.299167 0.181111
0 0.550000 0.596112 0.628334 0.241111
0 0.107083 0.352222 0.214167 0.166667
0 0.123333 0.278334 0.246667 0.158889
0 0.040000 0.187778 0.080000 0.042222
0 0.081292 0.166444 0.162583 0.097333
0 0.380833 0.403889 0.380000 0.167778
0 0.762833 0.550000 0.390667 0.175556
0 0.965000 0.589444 0.070000 0.052223
0 0.798750 0.451111 0.402500 0.237778
0 0.848750 0.364445 0.302500 0.168889
0 0.863750 0.286111 0.272500 0.107778
0 0.932750 0.210000 0.134500 0.073334
