0 0.604642 0.151309 0.093965 0.076959
0 0.636099 0.141237 0.082495 0.069248
0 0.679549 0.128854 0.068746 0.043824
0 0.708727 0.125476 0.058146 0.040614
0 0.743299 0.113603 0.047316 0.036738
0 0.759702 0.100900 0.061303 0.043270
0 0.785630 0.096243 0.047384 0.036415
0 0.792792 0.084858 0.059508 0.042751
0 0.808057 0.081782 0.054476 0.045198
0 0.782908 0.066101 0.032486 0.014875
0 0.821106 0.076289 0.057889 0.039308
0 0.834238 0.076964 0.039486 0.026029
0 0.857090 0.062811 0.035695 0.014637
0 0.870464 0.060737 0.019211 0.013067
0 0.871279 0.056475 0.015475 0.008184
0 0.881968 0.057723 0.021843 0.011380
0 0.883943 0.053709 0.019103 0.007366
0 0.891728 0.051646 0.014716 0.006138
0 0.893050 0.047647 0.012084 0.003840
0 0.067499 0.280588 0.104084 0.075510
0 0.174390 0.237035 0.093443 0.083654
0 0.384362 0.182681 0.074648 0.048841
0 0.664981 0.093233 0.045644 0.029563
0 0.692897 0.094326 0.029178 0.024637
0 0.740750 0.072952 0.033462 0.013032
0 0.754578 0.071637 0.021762 0.017037
0 0.803062 0.060351 0.028676 0.013305
0 0.821403 0.055685 0.010822 0.017937
0 0.819535 0.056684 0.027632 0.014451
0 0.849977 0.048840 0.029036 0.012457
0 0.098989 0.206369 0.055200 0.070514
0 0.161146 0.187117 0.073330 0.058118
0 0.230130 0.174721 0.070362 0.053084
0 0.276220 0.164985 0.066392 0.048344
0 0.521505 0.532989 0.225611 0.207240
0 0.596758 0.459487 0.204602 0.177763
0 0.658203 0.395675 0.181054 0.144299
0 0.761216 0.310817 0.153378 0.108737
0 0.169419 0.043058 0.013108 0.017864
0 0.273159 0.030627 0.019243 0.016782
0 0.273663 0.037283 0.015757 0.003893
0 0.207960 0.044983 0.015595 0.006747
0 0.184446 0.042668 0.023702 0.013019
0 0.183594 0.046734 0.016811 0.010857
0 0.134487 0.051471 0.017891 0.012629
0 0.157594 0.061721 0.034541 0.020191
0 0.128665 0.069273 0.016378 0.024706
0 0.051952 0.038891 0.040711 0.014511
0 0.433397 0.037145 0.028022 0.018002
0 0.477324 0.031596 0.011405 0.003504
0 0.475500 0.035532 0.019648 0.005840
0 0.522392 0.043296 0.009973 0.004585
0 0.491946 0.042755 0.019136 0.012414
0 0.504217 0.045740 0.018595 0.006012
0 0.466162 0.053179 0.030108 0.020026
0 0.596135 0.044745 0.022162 0.011894
0 0.545743 0.039554 0.017919 0.005407
0 0.574321 0.046706 0.014789 0.008343
0 0.555770 0.046086 0.020459 0.009645
0 0.541014 0.045740 0.029217 0.013711
0 0.517540 0.050887 0.012919 0.010251
0 0.500973 0.052401 0.022540 0.017431
0 0.417027 0.057548 0.015244 0.010165
0 0.392081 0.055580 0.018378 0.009343
0 0.360540 0.063408 0.012757 0.010986
0 0.421944 0.063864 0.023249 0.012893
0 0.592595 0.054891 0.030162 0.018261
0 0.308067 0.067301 0.029433 0.017388
0 0.281757 0.075844 0.015676 0.014143
0 0.258541 0.078438 0.023405 0.016047
0 0.055819 0.106174 0.018016 0.033110
0 0.438167 0.070026 0.015729 0.008980
0 0.377027 0.067042 0.028973 0.019205
0 0.272527 0.080450 0.034838 0.016090
0 0.459092 0.078512 0.026616 0.014222
0 0.019571 0.108006 0.029797 0.038866
0 0.535108 0.057569 0.016184 0.010329
0 0.471108 0.064576 0.014486 0.006402
0 0.386906 0.075605 0.019325 0.020589
0 0.354662 0.076384 0.026514 0.015744
0 0.281205 0.090917 0.039103 0.012976
0 0.254524 0.098681 0.031135 0.020614
0 0.221295 0.098780 0.034871 0.024446
0 0.175266 0.114003 0.029305 0.027218
0 0.133322 0.115688 0.041697 0.022422
0 0.091428 0.122686 0.047246 0.027266
0 0.607568 0.054239 0.015783 0.007699
0 0.575839 0.059223 0.029268 0.017565
0 0.115925 0.139053 0.054257 0.034170
0 0.738406 0.044615 0.015243 0.006098
0 0.732797 0.046713 0.012189 0.005450
0 0.704797 0.048292 0.021919 0.006963
0 0.690351 0.048573 0.015892 0.007872
0 0.650149 0.057915 0.016459 0.006401
0 0.638243 0.062267 0.023708 0.014013
0 0.606338 0.069594 0.026514 0.011765
0 0.497581 0.087414 0.025702 0.010467
0 0.452033 0.092630 0.036195 0.008927
0 0.321202 0.119405 0.053943 0.026683
0 0.268053 0.132109 0.049084 0.025186
0 0.221639 0.145340 0.054954 0.031613
0 0.167811 0.155114 0.062140 0.041761
0 0.056470 0.183425 0.060313 0.061307
0 0.017413 0.196985 0.034827 0.061177
0 0.567558 0.098326 0.041706 0.031912
0 0.976421 0.124364 0.047159 0.031514
0 0.864351 0.048205 0.006757 0.009040
0 0.843660 0.050225 0.021365 0.011272
0 0.830079 0.052498 0.027671 0.013456
0 0.779494 0.064468 0.019757 0.019506
0 0.728308 0.083884 0.039406 0.023304
0 0.642748 0.106400 0.037875 0.023093
0 0.606649 0.116413 0.048805 0.027729
0 0.590006 0.122785 0.028489 0.014757
0 0.549246 0.127619 0.046908 0.032824
0 0.521460 0.144527 0.054473 0.038231
0 0.477482 0.153222 0.051446 0.032915
0 0.437188 0.165419 0.059743 0.039731
0 0.317728 0.201766 0.071954 0.052539
0 0.251884 0.213776 0.091340 0.073650
0 0.018378 0.307743 0.036757 0.080017
0 0.711413 0.089994 0.031173 0.019061
0 0.843836 0.068413 0.039229 0.016877
0 0.724757 0.120028 0.061670 0.041544
0 0.664869 0.139885 0.067386 0.053491
0 0.574120 0.173456 0.084738 0.060182
0 0.540507 0.185339 0.078684 0.059927
0 0.025175 0.401168 0.050351 0.109429
0 0.984057 0.057100 0.029951 0.016942
0 0.974757 0.055904 0.007838 0.001600
0 0.987556 0.060450 0.012389 0.010588
0 0.972268 0.066025 0.030200 0.027552
0 0.978314 0.073529 0.012259 0.026159
0 0.960495 0.074794 0.037946 0.028525
0 0.948835 0.079501 0.048254 0.033993
0 0.950054 0.094319 0.013406 0.027712
0 0.928036 0.096159 0.040359 0.043850
0 0.853309 0.130219 0.049879 0.033543
0 0.846639 0.142327 0.055706 0.042154
0 0.813629 0.159258 0.061603 0.042729
0 0.314029 0.153127 0.068425 0.050432
0 0.357261 0.146032 0.060906 0.043802
0 0.685731 0.216797 0.105078 0.067418
0 0.678148 0.247589 0.089251 0.076994
0 0.630314 0.264749 0.128689 0.097214
0 0.566305 0.291397 0.134546 0.110874
0 0.505865 0.333694 0.136270 0.095588
0 0.439081 0.370242 0.145622 0.121972
0 0.348730 0.418253 0.147946 0.141003
0 0.257838 0.485749 0.189730 0.162587
0 0.397650 0.107106 0.030376 0.015069
0 0.420734 0.101743 0.030078 0.015320
0 0.466600 0.088398 0.042930 0.016147
0 0.509225 0.078863 0.034857 0.015337
0 0.545485 0.079338 0.025668 0.010580
0 0.572342 0.080173 0.015581 0.017760
0 0.585237 0.068945 0.031609 0.025113
0 0.617633 0.064163 0.032505 0.015922
0 0.716619 0.045275 0.023492 0.013153
0 0.397158 0.134650 0.058948 0.046271
0 0.431724 0.127815 0.049638 0.038201
0 0.455587 0.116952 0.053487 0.044987
0 0.488037 0.114665 0.046517 0.038664
0 0.514050 0.105487 0.057154 0.040377
0 0.541277 0.097128 0.051922 0.032846
0 0.594863 0.089615 0.048019 0.033200
0 0.618475 0.087215 0.038595 0.024455
0 0.631811 0.083413 0.034746 0.023296
0 0.647930 0.077065 0.035638 0.018032
0 0.658050 0.073878 0.036110 0.022314
0 0.672469 0.068631 0.045900 0.028560
0 0.682640 0.062392 0.048633 0.035519
0 0.712167 0.061221 0.038481 0.021691
0 0.727965 0.059330 0.019908 0.015000
0 0.737737 0.056637 0.033043 0.014502
0 0.748468 0.055898 0.031981 0.016925
0 0.758035 0.054747 0.028302 0.017218
0 0.759758 0.049007 0.024986 0.010471
0 0.770657 0.044872 0.032897 0.020809
0 0.112392 0.165808 0.052584 0.036419
0 0.359687 0.115906 0.035103 0.020878
0 0.325767 0.084107 0.043705 0.024356
0 0.023942 0.148942 0.047884 0.065099
0 0.068940 0.148153 0.053749 0.042232
0 0.150142 0.126974 0.050840 0.035515
0 0.203065 0.121096 0.054232 0.043084
0 0.243667 0.115286 0.055119 0.041713
0 0.285400 0.110634 0.047816 0.033906
0 0.320589 0.100738 0.046740 0.027357
0 0.353318 0.097885 0.045127 0.028210
0 0.380242 0.089141 0.047414 0.027089
0 0.407644 0.086948 0.028627 0.016735
0 0.578410 0.040852 0.025665 0.013538
0 0.433275 0.081151 0.033441 0.025337
0 0.473179 0.073895 0.041471 0.020178
0 0.493414 0.068567 0.036035 0.022513
0 0.523798 0.069247 0.036427 0.017128
0 0.540800 0.066827 0.025778 0.014529
0 0.560118 0.060458 0.036933 0.022509
0 0.621766 0.051428 0.028862 0.010087
0 0.642745 0.046503 0.015927 0.015022
0 0.632050 0.047961 0.026014 0.017340
0 0.667763 0.044857 0.021135 0.013149
0 0.041016 0.128627 0.045357 0.024278
0 0.407278 0.074492 0.026108 0.010766
0 0.519263 0.055135 0.029517 0.015173
0 0.607951 0.046127 0.011319 0.007176
0 0.656295 0.040859 0.024383 0.018239
0 0.625447 0.028845 0.034019 0.023140
0 0.355819 0.072578 0.030935 0.011410
0 0.445875 0.062978 0.019505 0.016682
0 0.481971 0.054455 0.020159 0.011212
0 0.530709 0.048960 0.025997 0.009900
0 0.560175 0.042963 0.010859 0.009966
0 0.335881 0.063096 0.033854 0.015441
0 0.404274 0.064472 0.033630 0.014100
0 0.440396 0.052241 0.011348 0.006385
0 0.448329 0.048702 0.016359 0.011384
0 0.461844 0.045720 0.029975 0.018672
0 0.479799 0.042565 0.025516 0.013910
0 0.504567 0.038238 0.026165 0.014953
0 0.512467 0.033374 0.010783 0.007733
0 0.299725 0.072688 0.028267 0.023006
0 0.327535 0.073311 0.026168 0.012106
0 0.240142 0.086389 0.031522 0.017993
0 0.231511 0.082820 0.024486 0.017128
0 0.206258 0.091659 0.032548 0.018404
0 0.169903 0.096972 0.031946 0.031168
0 0.174017 0.088895 0.025825 0.022124
0 0.175876 0.075112 0.029562 0.017413
0 0.205199 0.080472 0.031381 0.018685
0 0.136857 0.061021 0.009016 0.014014
0 0.159220 0.049659 0.017084 0.004983
0 0.039644 0.113205 0.041883 0.029446
0 0.005030 0.106667 0.010059 0.015697
0 0.081860 0.107963 0.045357 0.037967
0 0.128191 0.101067 0.037041 0.027513
0 0.137412 0.088523 0.029927 0.013456
0 0.121481 0.080513 0.027244 0.015247
0 0.952027 0.556445 0.095946 0.131055
0 0.037416 0.088564 0.043740 0.023504
0 0.076354 0.078251 0.043044 0.026691
0 0.101519 0.086062 0.027573 0.022816
0 0.009178 0.041795 0.018357 0.016142
0 0.240086 0.034325 0.013659 0.008651
0 0.296989 0.029982 0.013200 0.009083
0 0.220581 0.036588 0.030022 0.017777
0 0.149461 0.076075 0.030094 0.016682
0 0.875946 0.889922 0.248108 0.220156
0 0.924189 0.708910 0.151622 0.181660
0 0.983067 0.087003 0.033865 0.011721
0 0.981892 0.091598 0.036216 0.010618
0 0.986338 0.098771 0.027324 0.010605
0 0.948233 0.157956 0.078075 0.054762
0 0.914689 0.184561 0.100568 0.059926
0 0.709637 0.351654 0.167511 0.127479
0 0.417838 0.633218 0.254054 0.257786
0 0.249730 0.793469 0.303243 0.349914
0 0.061473 0.905493 0.122946 0.189014
0 0.967731 0.115418 0.064538 0.023161
0 0.973266 0.105991 0.053468 0.019923
0 0.733375 0.203369 0.078641 0.071436
0 0.772427 0.178853 0.083232 0.070943
0 0.793654 0.171847 0.061708 0.045199
0 0.817620 0.152465 0.082397 0.050640
0 0.860185 0.126291 0.075462 0.051666
0 0.883408 0.109740 0.039486 0.023295
0 0.112193 0.336538 0.128781 0.139494
0 0.205377 0.307915 0.113744 0.100208
0 0.290708 0.279574 0.120044 0.090446
0 0.353756 0.254669 0.110327 0.085506
0 0.402877 0.236219 0.078640 0.073477
0 0.451275 0.211348 0.095179 0.068663
0 0.503450 0.198071 0.084230 0.071254
0 0.795721 0.275586 0.139221 0.078888
0 0.841035 0.221936 0.133724 0.106605
0 0.868242 0.216137 0.110754 0.075511
0 0.895409 0.196224 0.103619 0.070328
0 0.929069 0.165363 0.099392 0.064040
0 0.953763 0.151030 0.090975 0.053365
0 0.964179 0.138184 0.071641 0.043183
0 0.117973 0.561549 0.188378 0.194377
0 0.016622 0.642842 0.033243 0.182742
0 0.968919 0.458045 0.062162 0.072664
