0 0.641875 0.588334 0.118750 0.168333
0 0.782188 0.587500 0.141875 0.185000
0 0.975625 0.473750 0.048750 0.120834
0 0.896563 0.432083 0.151875 0.170833
0 0.572188 0.474666 0.114375 0.150667
0 0.516875 0.425000 0.128750 0.151666
0 0.359375 0.545416 0.145000 0.214167
0 0.315906 0.488083 0.117563 0.130500
0 0.017188 0.978333 0.034375 0.043333
0 0.160969 0.640834 0.180562 0.173333
0 0.093375 0.580959 0.186750 0.146417
0 0.178125 0.453334 0.155000 0.126667
0 0.078532 0.455000 0.152063 0.128334
0 0.053750 0.421250 0.107500 0.102500
0 0.004750 0.381667 0.009500 0.021667
0 0.011562 0.109166 0.023125 0.051667
0 0.009062 0.028584 0.018125 0.027833
0 0.005625 0.007916 0.011250 0.015833
0 0.041875 0.012500 0.031250 0.025000
0 0.086563 0.007084 0.029375 0.014167
0 0.128531 0.009584 0.025812 0.019167
0 0.102438 0.197500 0.097375 0.053334
0 0.138688 0.137916 0.061125 0.044167
0 0.150313 0.250416 0.058125 0.075833
0 0.216562 0.243333 0.059625 0.075000
0 0.285531 0.238584 0.048938 0.071167
0 0.346344 0.246250 0.054813 0.077500
0 0.413312 0.240167 0.052375 0.076333
0 0.489063 0.242625 0.067999 0.073084
0 0.555313 0.239083 0.071875 0.085500
0 0.655312 0.230000 0.066875 0.093334
0 0.745313 0.239583 0.068125 0.082500
0 0.830938 0.235000 0.083125 0.080000
0 0.947812 0.237500 0.104375 0.081666
0 0.991563 0.210417 0.016875 0.037500
0 0.991563 0.112084 0.016875 0.139167
0 0.510000 0.030833 0.065000 0.061667
0 0.576688 0.028167 0.067125 0.056333
0 0.642188 0.022083 0.066875 0.044167
0 0.706875 0.018750 0.063750 0.037500
0 0.639375 0.126084 0.281250 0.144167
0 0.255031 0.157292 0.187563 0.099583
0 0.256687 0.029125 0.063750 0.026916
0 0.024828 0.557725 0.049656 0.080150
0 0.118447 0.164250 0.083694 0.038900
0 0.316972 0.001888 0.012156 0.003775
0 0.282037 0.015325 0.066550 0.030650
0 0.252341 0.042021 0.066719 0.038592
0 0.232735 0.060375 0.068769 0.031616
0 0.214741 0.086600 0.073507 0.044266
0 0.859375 0.715834 0.198750 0.193333
0 0.544687 0.753750 0.175625 0.177500
0 0.457813 0.626667 0.141875 0.166667
