0 0.352187 0.551771 0.058125 0.046875
0 0.274890 0.575333 0.134969 0.047667
0 0.242750 0.674687 0.208532 0.095250
0 0.446844 0.562792 0.111563 0.045417
0 0.937188 0.581667 0.125625 0.061750
0 0.037500 0.941666 0.075000 0.116667
0 0.103906 0.892292 0.207813 0.215417
0 0.125156 0.786979 0.250312 0.176042
0 0.976562 0.844792 0.046875 0.106250
0 0.929688 0.759583 0.140625 0.160833
0 0.914610 0.686041 0.170781 0.109583
0 0.806641 0.601042 0.169531 0.089583
0 0.225258 0.729896 0.234484 0.171042
0 0.346516 0.663844 0.154750 0.104771
0 0.215516 0.617896 0.134250 0.073917
0 0.270516 0.591136 0.130157 0.067229
0 0.320234 0.561042 0.059219 0.046250
0 0.489610 0.535834 0.020157 0.040833
0 0.368094 0.545687 0.042344 0.047083
0 0.415063 0.618167 0.151499 0.085500
0 0.430665 0.584354 0.114203 0.056666
0 0.448750 0.566667 0.080312 0.041250
0 0.449531 0.541875 0.101562 0.039166
0 0.445937 0.528250 0.086093 0.032500
0 0.503437 0.544583 0.010313 0.018750
0 0.166406 0.529270 0.036250 0.051875
0 0.190156 0.536563 0.042500 0.039791
0 0.191406 0.521042 0.083750 0.046250
0 0.949375 0.517813 0.084062 0.042709
0 0.220703 0.520730 0.059531 0.040625
0 0.926562 0.545521 0.063437 0.044375
0 0.972187 0.549167 0.055625 0.044167
0 0.765157 0.585521 0.141875 0.073542
0 0.739844 0.568750 0.122500 0.052084
0 0.718281 0.559583 0.090312 0.037500
0 0.716875 0.553021 0.099375 0.046458
0 0.818360 0.533750 0.079219 0.043334
0 0.578437 0.534687 0.055937 0.041041
0 0.704844 0.542917 0.092812 0.042917
0 0.684375 0.540833 0.070000 0.040417
0 0.678281 0.532604 0.075937 0.037292
0 0.651688 0.533167 0.049500 0.032500
0 0.628829 0.532604 0.059219 0.031458
0 0.540781 0.536667 0.022500 0.022500
