0 0.062578 0.461488 0.029218 0.037541
0 0.831484 0.619255 0.060781 0.078641
0 0.895547 0.581553 0.036718 0.056311
0 0.926249 0.571360 0.028125 0.044337
0 0.459375 0.721683 0.175000 0.187702
0 0.772813 0.862459 0.323750 0.275081
0 0.921875 0.888350 0.156250 0.223301
0 0.006250 0.855987 0.012500 0.119741
0 0.110156 0.631068 0.110937 0.129450
0 0.028125 0.530744 0.056250 0.064725
0 0.188203 0.668285 0.107969 0.158576
0 0.275000 0.614887 0.065624 0.097087
0 0.346875 0.624595 0.050000 0.103559
0 0.117500 0.543689 0.068125 0.071197
0 0.075937 0.468123 0.027813 0.035922
0 0.095703 0.470550 0.022968 0.038835
0 0.117969 0.476052 0.035625 0.043366
0 0.142422 0.481391 0.035469 0.037217
0 0.157656 0.492881 0.042500 0.042071
0 0.173094 0.558317 0.062437 0.062136
0 0.223594 0.578802 0.074062 0.088349
0 0.412266 0.619417 0.047343 0.102265
0 0.469219 0.610194 0.044688 0.050809
0 0.527188 0.633333 0.069375 0.108738
0 0.589063 0.634304 0.059999 0.086084
0 0.639844 0.615210 0.067812 0.053721
0 0.682032 0.610032 0.069375 0.065372
0 0.667344 0.576214 0.079688 0.053398
0 0.558750 0.577022 0.065312 0.053721
0 0.519062 0.546602 0.037187 0.053074
0 0.491875 0.553075 0.031250 0.052427
0 0.461172 0.547087 0.029218 0.065049
0 0.426094 0.538026 0.033437 0.078640
0 0.386250 0.542557 0.040312 0.065696
0 0.351406 0.545631 0.040000 0.056958
0 0.313515 0.538026 0.036719 0.050809
0 0.268593 0.529612 0.041563 0.053398
0 0.231484 0.514077 0.037344 0.048867
0 0.202500 0.513107 0.045312 0.050162
0 0.204375 0.483495 0.035000 0.033657
0 0.296328 0.513431 0.025469 0.046925
0 0.292500 0.472654 0.021562 0.041748
0 0.336093 0.516343 0.025313 0.047572
0 0.395234 0.488673 0.017343 0.044660
0 0.465859 0.501618 0.021094 0.035598
0 0.489453 0.497249 0.025469 0.044336
0 0.484547 0.992411 0.040938 0.015178
0 0.647828 0.690825 0.121812 0.141845
0 0.754679 0.649935 0.088359 0.104725
