0 0.051094 0.698854 0.086563 0.060625
0 0.037344 0.682292 0.074687 0.064583
0 0.159375 0.669583 0.109374 0.023750
0 0.572656 0.795417 0.179688 0.117500
0 0.473047 0.765521 0.111406 0.097708
0 0.365781 0.700521 0.138437 0.046042
0 0.327578 0.688646 0.176094 0.056875
0 0.207500 0.710000 0.102500 0.080000
0 0.899219 0.919791 0.201562 0.160417
0 0.819531 0.762500 0.095313 0.087500
0 0.310937 0.911458 0.621875 0.177083
0 0.060390 0.856250 0.120781 0.112500
0 0.003906 0.789583 0.007812 0.025000
0 0.275234 0.785625 0.359844 0.150416
0 0.733594 0.746875 0.089062 0.085416
0 0.621094 0.718750 0.095312 0.070834
0 0.559375 0.720521 0.050000 0.042292
0 0.156484 0.715625 0.122344 0.068750
0 0.122734 0.697396 0.108281 0.055208
