0 0.771058 0.630859 0.221026 0.246094
0 0.893603 0.568360 0.212793 0.224609
0 0.949968 0.487305 0.100063 0.177734
0 0.020266 0.462402 0.040532 0.141601
0 0.476251 0.260254 0.186194 0.208008
0 0.596264 0.211426 0.179227 0.188476
0 0.082647 0.399560 0.165294 0.206739
0 0.927454 0.094629 0.145092 0.179883
0 0.216276 0.341259 0.190627 0.196387
0 0.344522 0.301318 0.183660 0.196191
0 0.700759 0.160157 0.190627 0.189453
0 0.819981 0.110352 0.194744 0.220703
0 0.693793 0.035645 0.108297 0.071289
0 0.574414 0.053711 0.150728 0.107422
0 0.454402 0.072754 0.185561 0.145508
0 0.332267 0.094727 0.166751 0.177735
0 0.217543 0.141114 0.175427 0.192383
0 0.085497 0.184082 0.165928 0.184570
0 0.028499 0.226367 0.056998 0.172266
0 0.212793 0.869140 0.238126 0.261719
0 0.492401 0.951660 0.153895 0.096680
0 0.652629 0.913574 0.199493 0.172852
0 0.817606 0.899903 0.231792 0.200195
0 0.921786 0.865381 0.156428 0.269238
0 0.354338 0.795410 0.215960 0.295898
0 0.503800 0.749024 0.229892 0.271485
0 0.633629 0.692871 0.224826 0.276367
