0 0.709522 0.076914 0.105560 0.110000
0 0.938938 0.104957 0.110318 0.091202
0 0.492869 0.076605 0.110883 0.092026
0 0.040579 0.081889 0.065464 0.051021
0 0.027065 0.092365 0.054131 0.048764
0 0.062041 0.096138 0.008833 0.011845
0 0.109974 0.086386 0.081935 0.046232
0 0.162866 0.115944 0.072355 0.051082
0 0.087575 0.142700 0.087900 0.039751
0 0.091110 0.118172 0.091370 0.068704
0 0.028116 0.127992 0.056231 0.040155
0 0.520992 0.129648 0.104281 0.067812
0 0.421414 0.131605 0.099276 0.071726
0 0.333897 0.104108 0.084764 0.067287
0 0.174715 0.133009 0.079334 0.057725
0 0.155702 0.169077 0.068596 0.040043
0 0.096913 0.170438 0.063045 0.051914
0 0.022562 0.150562 0.045125 0.055768
0 0.006549 0.173322 0.013098 0.014266
0 0.015558 0.219777 0.031115 0.061270
0 0.067196 0.186871 0.134392 0.069416
0 0.167066 0.197013 0.088677 0.042524
0 0.391578 0.183291 0.036206 0.053399
0 0.532451 0.169163 0.107181 0.068884
0 0.613062 0.151541 0.102476 0.088112
0 0.678813 0.169742 0.009266 0.016395
0 0.632326 0.190253 0.095174 0.046275
0 0.539906 0.202979 0.108682 0.064257
0 0.442331 0.217485 0.085666 0.043073
0 0.357164 0.207610 0.097273 0.070669
0 0.191156 0.233249 0.114136 0.085502
0 0.015408 0.268794 0.030816 0.058996
0 0.491644 0.262344 0.122351 0.090987
0 0.558077 0.249524 0.126096 0.081759
0 0.653405 0.230326 0.129358 0.109184
0 0.824157 0.166352 0.078721 0.057510
0 0.753446 0.189421 0.145782 0.155940
0 0.865536 0.210863 0.121052 0.112352
0 0.957051 0.190447 0.085898 0.100979
0 0.748806 0.282309 0.087669 0.052756
0 0.656395 0.300249 0.113484 0.067708
0 0.014257 0.324549 0.028514 0.094232
0 0.057336 0.351245 0.108484 0.051794
0 0.066090 0.410562 0.132181 0.133794
0 0.191154 0.385189 0.166013 0.151322
0 0.568072 0.304700 0.107968 0.042361
0 0.589023 0.368171 0.130063 0.118541
0 0.706595 0.362301 0.148557 0.117905
0 0.806453 0.323666 0.138002 0.133511
0 0.926233 0.281794 0.147534 0.143536
0 0.984119 0.255356 0.031762 0.048206
0 0.996612 0.240596 0.006776 0.013347
0 0.746405 0.416120 0.162607 0.091416
0 0.608012 0.425996 0.143243 0.081502
0 0.480760 0.448291 0.149300 0.073305
0 0.343683 0.456699 0.162905 0.093193
0 0.197903 0.466322 0.194166 0.139510
0 0.005309 0.462541 0.010618 0.014936
0 0.052435 0.478468 0.104870 0.032832
0 0.893388 0.404892 0.159170 0.105923
0 0.961631 0.372103 0.076737 0.060944
0 0.930381 0.480687 0.139237 0.163090
0 0.780077 0.501094 0.169517 0.167854
0 0.906878 0.585236 0.186245 0.217682
0 0.773359 0.655751 0.257722 0.159742
0 0.650675 0.527983 0.164189 0.174936
0 0.525265 0.545493 0.156998 0.184549
0 0.373576 0.549357 0.178523 0.175107
0 0.237693 0.591846 0.165540 0.177683
0 0.083253 0.589700 0.166506 0.219743
0 0.454197 0.363756 0.175855 0.130463
0 0.313726 0.316708 0.166428 0.106790
0 0.425342 0.308262 0.063533 0.050000
0 0.386235 0.253841 0.110203 0.062498
0 0.278917 0.278803 0.109301 0.106206
0 0.271344 0.226927 0.063962 0.037082
0 0.280529 0.157476 0.187515 0.134352
0 0.286632 0.050515 0.085463 0.080996
0 0.087007 0.299214 0.140473 0.078773
0 0.180321 0.301700 0.110314 0.083879
0 0.442223 0.178867 0.104039 0.075966
0 0.027787 0.030284 0.055574 0.060567
0 0.129761 0.054464 0.091086 0.072000
0 0.443224 0.062640 0.083214 0.078497
0 0.064075 0.247129 0.110989 0.081296
0 0.620121 0.080777 0.100531 0.076798
0 0.832029 0.095721 0.120265 0.093897
0 0.232046 0.972962 0.228571 0.054077
0 0.092495 0.884120 0.184990 0.231760
0 0.265734 0.877983 0.231081 0.244034
0 0.466916 0.851545 0.259218 0.269442
0 0.658663 0.823176 0.224180 0.260944
0 0.833012 0.981116 0.200773 0.037768
0 0.953668 0.957510 0.092664 0.084979
0 0.869691 0.808498 0.260618 0.257682
0 0.962331 0.706867 0.075338 0.121030
0 0.066119 0.731845 0.132239 0.105751
0 0.259653 0.723090 0.238417 0.162060
0 0.437451 0.687339 0.213513 0.133476
0 0.595873 0.672232 0.221283 0.133476
