0 0.960083 0.042833 0.044333 0.057222
0 0.979500 0.010833 0.041000 0.021667
0 0.922000 0.006222 0.035666 0.012444
0 0.852333 0.001445 0.018250 0.002889
0 0.888709 0.028555 0.038583 0.051111
0 0.822250 0.021056 0.056834 0.042111
0 0.716608 0.008944 0.022383 0.017889
0 0.663296 0.007000 0.012258 0.014000
0 0.480608 0.003778 0.041717 0.007556
0 0.531292 0.009111 0.054083 0.018222
0 0.591417 0.013500 0.050667 0.027000
0 0.636459 0.016778 0.050417 0.033556
0 0.416154 0.065389 0.073125 0.054800
0 0.313105 0.012583 0.064875 0.025167
0 0.306712 0.046145 0.072375 0.057245
0 0.192500 0.096889 0.091666 0.073778
0 0.128542 0.091889 0.084083 0.046000
0 0.099167 0.080389 0.078167 0.056334
0 0.039917 0.071166 0.079833 0.054333
0 0.643333 0.268556 0.085000 0.091777
0 0.025250 0.117778 0.050500 0.071111
0 0.055792 0.134333 0.076583 0.068667
0 0.107833 0.148611 0.095000 0.078334
0 0.172334 0.161611 0.091333 0.074556
0 0.684750 0.022111 0.055166 0.044222
0 0.240417 0.177223 0.097500 0.083333
0 0.744042 0.029111 0.059250 0.058222
0 0.801084 0.043722 0.053333 0.050111
0 0.867567 0.048356 0.054600 0.064533
0 0.937125 0.067000 0.052250 0.057334
0 0.942104 0.134367 0.056642 0.071400
0 0.861667 0.117756 0.057000 0.071600
0 0.781667 0.098928 0.061917 0.071811
0 0.574167 0.063000 0.056833 0.052888
0 0.521250 0.047445 0.056000 0.046223
0 0.417458 0.024834 0.067417 0.049667
0 0.363958 0.021333 0.060417 0.042667
0 0.260129 0.006555 0.053092 0.013111
0 0.023584 0.009444 0.044667 0.018889
0 0.081504 0.011855 0.079508 0.023711
0 0.163417 0.022055 0.065667 0.044111
0 0.213542 0.030222 0.078750 0.057333
0 0.258792 0.036278 0.058083 0.050778
0 0.366667 0.055778 0.067667 0.059556
0 0.476000 0.078334 0.071334 0.058889
0 0.529583 0.093333 0.069167 0.064445
0 0.597125 0.103889 0.074250 0.065556
0 0.730834 0.129056 0.066667 0.073000
0 0.823750 0.150000 0.059166 0.066666
0 0.910834 0.170000 0.063333 0.082222
0 0.888750 0.269778 0.064166 0.095111
0 0.784583 0.242778 0.070833 0.101111
0 0.669334 0.215722 0.083667 0.077444
0 0.582875 0.201111 0.084250 0.080000
0 0.508750 0.182777 0.075834 0.076667
0 0.438375 0.155278 0.068250 0.079222
0 0.360250 0.127166 0.104500 0.089889
0 0.254166 0.115667 0.066667 0.068445
0 0.628170 0.992506 0.068425 0.014989
0 0.324167 0.196667 0.093333 0.080000
0 0.400334 0.210389 0.085667 0.086334
0 0.463333 0.235000 0.086667 0.081112
0 0.550833 0.259166 0.083333 0.090555
0 0.735834 0.295000 0.088333 0.114444
0 0.846666 0.336667 0.093333 0.102222
0 0.327625 0.369445 0.134750 0.125555
0 0.236250 0.356112 0.124166 0.118889
0 0.138333 0.320555 0.130000 0.107777
0 0.074292 0.302222 0.113583 0.095556
0 0.025833 0.268333 0.051667 0.087778
0 0.658334 0.481666 0.128333 0.174445
0 0.531667 0.444666 0.130000 0.139555
0 0.418333 0.402778 0.120000 0.123333
0 0.107916 0.435555 0.160833 0.168889
0 0.222583 0.475222 0.153167 0.149556
0 0.330000 0.503333 0.140000 0.148889
0 0.447500 0.566000 0.133334 0.150222
0 0.583750 0.631111 0.137500 0.177778
0 0.032917 0.753333 0.065833 0.142222
0 0.105000 0.861111 0.210000 0.260000
0 0.264167 0.883333 0.198333 0.233333
0 0.465792 0.920000 0.185083 0.160000
0 0.767084 0.693889 0.134167 0.223334
0 0.639204 0.061511 0.057808 0.041666
0 0.661950 0.104572 0.079500 0.092256
