0 0.201082 0.329043 0.131024 0.148987
0 0.454297 0.782500 0.394532 0.250000
0 0.637501 0.466875 0.271875 0.236250
0 0.673828 0.348562 0.214844 0.152875
0 0.697695 0.302187 0.208672 0.129375
0 0.723047 0.249375 0.150782 0.081250
0 0.750196 0.220750 0.141797 0.081000
0 0.766629 0.199632 0.117586 0.073437
0 0.775891 0.175075 0.102469 0.065250
0 0.779836 0.155769 0.106422 0.068588
0 0.798215 0.127606 0.034945 0.014512
0 0.794258 0.135937 0.081484 0.045375
0 0.808672 0.120438 0.035156 0.023375
0 0.796914 0.113813 0.063516 0.030875
0 0.791836 0.100250 0.040390 0.011750
0 0.686993 0.071625 0.040391 0.045500
0 0.663751 0.086875 0.046875 0.038250
0 0.630156 0.088000 0.070156 0.048250
0 0.560937 0.638750 0.328125 0.327500
0 0.032644 0.525306 0.065289 0.199938
0 0.115668 0.433650 0.102414 0.170574
0 0.277191 0.268394 0.141711 0.139038
