0 0.947754 0.227672 0.104492 0.095168
0 0.885742 0.190337 0.109375 0.087848
0 0.983886 0.283309 0.032227 0.068814
0 0.562989 0.155197 0.106445 0.076135
0 0.606445 0.188872 0.103515 0.076135
0 0.653320 0.223280 0.117187 0.092240
0 0.709961 0.271596 0.121094 0.092240
0 0.771972 0.318448 0.129883 0.109810
0 0.852051 0.386530 0.137695 0.117130
0 0.934082 0.460469 0.131836 0.130307
0 0.983886 0.557101 0.032227 0.098096
0 0.425781 0.145681 0.109375 0.089312
0 0.451171 0.181552 0.109375 0.096632
0 0.487793 0.217936 0.118164 0.104978
0 0.528272 0.260395 0.125097 0.120498
0 0.578125 0.316252 0.142578 0.117130
0 0.639649 0.382138 0.154297 0.131771
0 0.699707 0.463396 0.143554 0.147877
0 0.793457 0.540264 0.186524 0.172767
0 0.892578 0.642753 0.195312 0.225475
0 0.969239 0.831625 0.061523 0.202050
0 0.055176 0.149341 0.110352 0.070278
0 0.061035 0.182284 0.122070 0.077598
0 0.063720 0.221742 0.127441 0.086530
0 0.071289 0.266471 0.136718 0.096633
0 0.076660 0.311127 0.139648 0.112738
0 0.092774 0.370425 0.162109 0.122987
0 0.108399 0.434114 0.177735 0.142020
0 0.122559 0.514641 0.196289 0.165447
0 0.141113 0.621522 0.215820 0.188873
0 0.166992 0.745974 0.250000 0.232797
0 0.202636 0.889458 0.286133 0.221083
0 0.329101 0.983895 0.089843 0.032211
0 0.197461 0.142753 0.092188 0.065885
0 0.213428 0.172767 0.100684 0.070278
0 0.231689 0.207174 0.105957 0.071742
0 0.247070 0.247437 0.117187 0.081991
0 0.259277 0.313250 0.143555 0.096779
0 0.286621 0.370717 0.159180 0.107760
0 0.322754 0.439238 0.163086 0.120059
0 0.356934 0.520131 0.188477 0.145681
0 0.396240 0.613470 0.203613 0.172768
0 0.455322 0.745095 0.224121 0.216984
0 0.540039 0.896047 0.275390 0.207906
