0 0.729004 0.075521 0.192383 0.145834
0 0.837402 0.108724 0.208008 0.167968
0 0.932129 0.149089 0.135742 0.188802
0 0.020718 0.005795 0.039814 0.011589
0 0.031787 0.013347 0.063574 0.026693
0 0.048535 0.025651 0.097070 0.031510
0 0.063720 0.040690 0.127441 0.037110
0 0.084717 0.092468 0.169434 0.106367
0 0.071777 0.783854 0.143555 0.302084
0 0.631128 0.057709 0.173018 0.115417
0 0.117188 0.957031 0.234375 0.085938
0 0.287354 0.006250 0.033691 0.012500
0 0.330352 0.013867 0.054375 0.027734
0 0.390323 0.021067 0.069629 0.042135
0 0.460298 0.030156 0.104776 0.060312
0 0.110381 0.128216 0.218692 0.131224
0 0.156250 0.162890 0.240234 0.142969
0 0.221191 0.214193 0.268555 0.167969
0 0.305176 0.287760 0.293945 0.210937
0 0.409668 0.365885 0.331054 0.236979
0 0.537969 0.042513 0.129492 0.085026
0 0.532715 0.513672 0.407226 0.319010
0 0.718261 0.686849 0.477539 0.428386
0 0.036133 0.556640 0.072266 0.162761
