0 0.980469 0.619285 0.039062 0.229191
0 0.485547 0.872802 0.719532 0.254396
0 0.897656 0.976554 0.204688 0.046893
0 0.922750 0.480815 0.125734 0.158582
0 0.202562 0.287679 0.122313 0.101852
0 0.285133 0.187866 0.071609 0.030246
0 0.191289 0.190926 0.098516 0.050856
0 0.760707 0.221946 0.119836 0.061290
0 0.029063 0.188271 0.058125 0.036682
0 0.284949 0.222984 0.095398 0.051993
0 0.990770 0.367656 0.018461 0.093107
0 0.886996 0.345310 0.109054 0.116975
0 0.778035 0.320662 0.121305 0.137105
0 0.675196 0.319356 0.106141 0.126893
0 0.575082 0.305932 0.114696 0.126894
0 0.479739 0.299227 0.125211 0.128347
0 0.381773 0.289508 0.135531 0.129519
0 0.286075 0.290592 0.128305 0.110118
0 0.761328 0.455452 0.141406 0.146541
0 0.604844 0.434936 0.162187 0.143025
0 0.461172 0.410961 0.157031 0.106799
0 0.338672 0.385698 0.139844 0.079719
0 0.241883 0.369818 0.123641 0.076143
0 0.126308 0.348658 0.142883 0.050187
0 0.047851 0.347063 0.095703 0.069719
0 0.002539 0.318634 0.005078 0.009156
0 0.019297 0.394655 0.038594 0.048675
0 0.094809 0.457608 0.189617 0.199953
0 0.194574 0.487426 0.228820 0.177269
0 0.318250 0.516208 0.213032 0.193657
0 0.472914 0.539519 0.220594 0.214232
0 0.660570 0.554988 0.193969 0.235909
0 0.832812 0.590270 0.196875 0.263775
