0 0.646520 0.341949 0.039120 0.032384
0 0.434000 0.844828 0.302000 0.310345
0 0.038000 0.964768 0.076000 0.070465
0 0.102000 0.886057 0.204000 0.227886
0 0.110000 0.749625 0.220000 0.203898
0 0.100500 0.646177 0.201000 0.152924
0 0.099000 0.603448 0.198000 0.151424
0 0.081000 0.539730 0.162000 0.131934
0 0.085500 0.502249 0.171000 0.155922
0 0.098500 0.482758 0.197000 0.134933
0 0.113000 0.456522 0.226000 0.124438
0 0.926500 0.804348 0.147000 0.268366
0 0.853500 0.619190 0.293000 0.272863
0 0.105840 0.415382 0.209560 0.074963
0 0.097640 0.395344 0.195280 0.084003
0 0.109830 0.386356 0.165060 0.066117
0 0.158300 0.316492 0.066120 0.030765
0 0.002920 0.341634 0.005840 0.027856
0 0.008560 0.352024 0.017120 0.013674
0 0.013850 0.324288 0.027700 0.055172
0 0.313800 0.308171 0.055600 0.055922
0 0.727845 0.527376 0.239170 0.160270
0 0.657225 0.496072 0.246350 0.151844
0 0.615300 0.426312 0.198320 0.145877
0 0.539945 0.414693 0.141010 0.118141
0 0.560865 0.332669 0.112030 0.039730
0 0.652335 0.321522 0.102990 0.028501
0 0.655940 0.336012 0.086040 0.035622
0 0.772310 0.578231 0.313180 0.210584
0 0.545600 0.301199 0.026200 0.023988
0 0.578050 0.301724 0.060700 0.025338
0 0.591500 0.304797 0.063600 0.016491
0 0.612400 0.314018 0.064000 0.025038
0 0.653025 0.301709 0.063250 0.018920
0 0.714440 0.339790 0.108140 0.034542
0 0.717740 0.351836 0.091760 0.034707
0 0.711270 0.363433 0.028940 0.034753
0 0.775365 0.380592 0.142390 0.078756
0 0.798950 0.398081 0.132540 0.069176
0 0.838960 0.407406 0.139280 0.071754
0 0.864360 0.420749 0.170660 0.076791
0 0.918440 0.440120 0.163120 0.078710
0 0.966190 0.471012 0.067620 0.037646
0 0.975295 0.374401 0.049410 0.059535
0 0.948660 0.298126 0.041760 0.008636
0 0.940450 0.294887 0.041180 0.015113
0 0.810035 0.210278 0.062830 0.044453
0 0.554870 0.191987 0.054260 0.047151
0 0.661090 0.194273 0.051260 0.045338
0 0.173600 0.139805 0.020000 0.014243
0 0.134900 0.294633 0.025200 0.017451
0 0.082205 0.287392 0.083090 0.047077
0 0.108560 0.295053 0.054580 0.012743
0 0.140960 0.321462 0.119520 0.044903
0 0.140095 0.334310 0.120090 0.053329
0 0.159680 0.340892 0.080920 0.055278
0 0.127235 0.353538 0.125870 0.049745
0 0.097170 0.358853 0.166100 0.057136
0 0.103990 0.375795 0.172100 0.064663
0 0.247290 0.303779 0.035760 0.058291
0 0.408970 0.302789 0.114480 0.052893
0 0.401795 0.317766 0.091190 0.051634
0 0.391590 0.302563 0.055440 0.033463
0 0.411535 0.318914 0.104110 0.048141
0 0.404225 0.331649 0.087610 0.054663
0 0.466935 0.321582 0.157590 0.065592
0 0.477280 0.328815 0.086880 0.044767
0 0.473445 0.346544 0.089170 0.057826
0 0.492290 0.359086 0.138720 0.059401
0 0.490010 0.391739 0.152820 0.087046
0 0.538925 0.395690 0.151370 0.087361
0 0.785215 0.324325 0.027790 0.031949
0 0.875720 0.296799 0.089560 0.039506
0 0.872220 0.310510 0.076760 0.031304
0 0.873875 0.329618 0.086110 0.060015
0 0.903770 0.337114 0.125720 0.069520
0 0.975290 0.302474 0.049420 0.019430
0 0.987890 0.303029 0.024220 0.011725
0 0.959890 0.345165 0.080220 0.075128
0 0.962800 0.352174 0.074400 0.071004
0 0.101360 0.339018 0.166760 0.057256
