0 0.247005 0.063384 0.032323 0.020935
0 0.279950 0.056731 0.023849 0.026075
0 0.306231 0.050491 0.028891 0.030241
0 0.428204 0.022385 0.020625 0.022139
0 0.244721 0.077491 0.033224 0.034778
0 0.038489 0.104811 0.033157 0.033787
0 0.012037 0.107213 0.024073 0.036666
0 0.304724 0.074491 0.037020 0.032685
0 0.272593 0.086639 0.040729 0.043778
0 0.374219 0.043981 0.016146 0.023149
0 0.361459 0.053241 0.029167 0.030556
0 0.403125 0.057871 0.029166 0.032407
0 0.414323 0.105555 0.059896 0.046297
0 0.994531 0.244907 0.010938 0.049074
0 0.719531 0.336111 0.205729 0.118518
0 0.215618 0.071315 0.029401 0.029333
0 0.444368 0.010384 0.020547 0.019194
0 0.051666 0.108750 0.041583 0.030908
0 0.745297 0.403657 0.219334 0.149074
0 0.661416 0.464051 0.261989 0.146658
0 0.802344 0.949537 0.395312 0.100926
0 0.429167 0.332407 0.172917 0.096297
0 0.383854 0.384815 0.201042 0.106296
0 0.336198 0.475463 0.238020 0.147222
0 0.273958 0.587037 0.277083 0.188888
0 0.192968 0.759722 0.385937 0.273148
0 0.653347 0.821981 0.386839 0.351203
0 0.653000 0.579736 0.303510 0.226268
0 0.553539 0.207505 0.134516 0.105953
0 0.450323 0.285662 0.149188 0.078713
0 0.233208 0.156361 0.080792 0.058944
0 0.460886 0.025282 0.029959 0.026269
