0 0.279357 0.728114 0.094697 0.173401
0 0.896306 0.649832 0.114583 0.114478
0 0.763731 0.687711 0.120266 0.156565
0 0.169598 0.511650 0.023077 0.050741
0 0.348092 0.496389 0.102490 0.098030
0 0.364209 0.544967 0.099725 0.102963
0 0.820076 0.331649 0.075758 0.090909
0 0.860322 0.365320 0.080492 0.094276
0 0.903409 0.403199 0.083334 0.106061
0 0.957387 0.444444 0.079545 0.101010
0 0.983428 0.488216 0.033144 0.114479
0 0.362689 0.090067 0.060606 0.045455
0 0.456770 0.172223 0.068845 0.058249
0 0.475947 0.188553 0.071212 0.043771
0 0.417614 0.130472 0.070076 0.052189
0 0.497159 0.219361 0.070076 0.058249
0 0.518939 0.244108 0.073863 0.060606
0 0.568324 0.297895 0.074148 0.064141
0 0.594224 0.320707 0.076705 0.069024
0 0.632575 0.356902 0.098485 0.094276
0 0.670928 0.399832 0.097538 0.089225
0 0.750947 0.489058 0.083334 0.099327
0 0.381155 0.196970 0.072917 0.070707
0 0.397728 0.224747 0.077651 0.079125
0 0.421875 0.249159 0.089962 0.084175
0 0.490530 0.346801 0.089015 0.087542
0 0.553978 0.409091 0.096591 0.104377
0 0.582860 0.456229 0.097538 0.107744
0 0.619318 0.500841 0.106060 0.126263
0 0.660985 0.544612 0.119318 0.166667
0 0.710701 0.617845 0.107008 0.134680
0 0.499053 0.063973 0.056818 0.053872
0 0.827178 0.786196 0.144886 0.198653
0 0.954072 0.911616 0.091856 0.176768
0 0.839962 0.948653 0.149621 0.102694
0 0.395833 0.606903 0.132576 0.119529
0 0.430397 0.674242 0.127841 0.132997
0 0.362689 0.881313 0.128788 0.237374
0 0.828480 0.230387 0.053002 0.070876
0 0.298196 0.105691 0.039346 0.046633
0 0.507737 0.827592 0.153504 0.169225
0 0.469120 0.743687 0.134167 0.147206
0 0.344371 0.063367 0.067225 0.045824
0 0.797301 0.203729 0.063542 0.062778
0 0.932608 0.309083 0.088551 0.065269
0 0.968021 0.343468 0.063958 0.067710
0 0.989583 0.049663 0.020833 0.052189
0 0.970171 0.062289 0.052083 0.050505
0 0.926610 0.127105 0.052084 0.062289
0 0.878314 0.159933 0.055871 0.053872
0 0.464346 0.038721 0.059943 0.040404
0 0.533523 0.094613 0.059470 0.051178
0 0.552557 0.114984 0.059659 0.051515
0 0.574337 0.132997 0.061553 0.057239
0 0.603220 0.144781 0.070076 0.074074
0 0.621212 0.171717 0.054924 0.057239
0 0.654593 0.188552 0.076231 0.080808
0 0.683712 0.222222 0.070076 0.063973
0 0.742897 0.271886 0.074811 0.079125
0 0.780303 0.297980 0.075758 0.087542
