0 0.279801 0.562914 0.129139 0.083886
0 0.248345 0.533112 0.112583 0.072847
0 0.423841 0.701986 0.182120 0.136865
0 0.091888 0.556291 0.124173 0.075055
0 0.112583 0.589404 0.139073 0.083886
0 0.106788 0.645695 0.160596 0.103753
0 0.140729 0.698676 0.185431 0.121413
0 0.804486 0.467483 0.099007 0.046799
0 0.894686 0.452825 0.069205 0.050773
0 0.783941 0.614791 0.144039 0.103753
0 0.724751 0.573951 0.129967 0.088301
0 0.519040 0.488962 0.097682 0.068433
0 0.850165 0.539072 0.117549 0.071523
0 0.690977 0.488962 0.101490 0.055187
0 0.655547 0.466225 0.091225 0.058278
0 0.761590 0.448124 0.082781 0.057395
0 0.847682 0.430464 0.079470 0.044150
0 0.779702 0.506976 0.112053 0.060927
0 0.884470 0.488565 0.086622 0.058278
0 0.953402 0.512814 0.093195 0.063157
0 0.629139 0.654525 0.162252 0.116998
0 0.479139 0.573951 0.134437 0.088301
0 0.412251 0.540838 0.119205 0.075055
0 0.384106 0.511038 0.105960 0.068433
0 0.906159 0.575960 0.108080 0.096954
0 0.577020 0.509802 0.111920 0.078367
0 0.645886 0.535817 0.120778 0.064658
0 0.588303 0.596931 0.143858 0.103841
0 0.351151 0.640343 0.163957 0.089161
0 0.187086 0.754967 0.198676 0.150110
0 0.313742 0.603752 0.144040 0.094923
