0 0.543750 0.668269 0.089062 0.099359
0 0.998172 0.937933 0.003656 0.034167
0 0.973680 0.966411 0.052641 0.067179
0 0.133086 0.002404 0.020860 0.004808
0 0.892000 0.398782 0.083438 0.075384
0 0.925391 0.372596 0.074219 0.075320
0 0.974610 0.334135 0.050781 0.065705
0 0.765625 0.493590 0.084376 0.108974
0 0.060938 0.024039 0.065625 0.048077
0 0.001953 0.245192 0.003906 0.028846
0 0.118360 0.516827 0.088281 0.084936
0 0.021875 0.604167 0.043750 0.067308
0 0.031641 0.677885 0.063281 0.092949
0 0.080859 0.769231 0.108594 0.108974
0 0.107813 0.826122 0.104687 0.123398
0 0.331094 0.908654 0.102813 0.125000
0 0.208594 0.978365 0.100000 0.043269
0 0.965234 0.593750 0.069531 0.107372
0 0.807813 0.770833 0.092187 0.125000
0 0.774375 0.813702 0.095626 0.122596
0 0.678516 0.569711 0.100781 0.097757
0 0.513672 0.623398 0.085156 0.099359
0 0.701562 0.856571 0.107813 0.149039
0 0.985938 0.534455 0.028125 0.049680
0 0.627735 0.935096 0.092969 0.129808
0 0.455468 0.739583 0.096875 0.100961
0 0.342187 0.007212 0.039063 0.014423
0 0.253125 0.056650 0.035938 0.045993
0 0.221485 0.087340 0.050781 0.062500
0 0.189843 0.102564 0.053125 0.073718
0 0.160937 0.150641 0.056250 0.057692
0 0.177343 0.175481 0.071875 0.081731
0 0.194922 0.207532 0.067968 0.081730
0 0.022343 0.014423 0.037969 0.028846
0 0.937110 0.622596 0.094531 0.100962
0 0.878390 0.424640 0.039531 0.076811
0 0.376289 0.009215 0.027156 0.018429
0 0.230723 0.267100 0.068992 0.083525
0 0.882899 0.695032 0.095063 0.138686
0 0.849446 0.746619 0.090375 0.123141
