0 0.036719 0.748958 0.073438 0.191667
0 0.142578 0.854635 0.285156 0.240729
0 0.542269 0.074969 0.137399 0.146812
0 0.352262 0.143713 0.188492 0.153031
0 0.635508 0.092859 0.126672 0.161739
0 0.889571 0.205729 0.218203 0.148958
0 0.100781 0.059896 0.201563 0.119792
0 0.749594 0.934443 0.253625 0.131115
0 0.652753 0.882599 0.296133 0.208302
0 0.554324 0.796053 0.290195 0.210271
0 0.019141 0.327604 0.038281 0.217708
0 0.098047 0.257031 0.196094 0.304687
0 0.449121 0.167349 0.224508 0.214240
0 0.565293 0.227255 0.227868 0.187740
0 0.650671 0.293505 0.239625 0.176177
0 0.742555 0.362271 0.258641 0.189000
0 0.852649 0.421312 0.218469 0.204167
0 0.921133 0.497474 0.157734 0.217636
0 0.994832 0.595573 0.010336 0.057834
0 0.852769 0.983078 0.042727 0.033844
0 0.104297 0.499479 0.208594 0.198958
0 0.195629 0.565890 0.271898 0.205573
0 0.432125 0.698401 0.311718 0.222594
0 0.303875 0.643875 0.259046 0.194958
0 0.385626 0.943750 0.224375 0.112500
