0 0.872777 0.731985 0.176445 0.165662
0 0.983691 0.773984 0.032618 0.061064
0 0.929714 0.871166 0.140573 0.201651
0 0.120109 0.174338 0.118964 0.138472
0 0.892777 0.984106 0.081336 0.031787
0 0.966228 0.949331 0.067545 0.101337
0 0.932273 0.236630 0.135455 0.143383
0 0.548614 0.643206 0.168300 0.161256
0 0.029114 0.540825 0.058227 0.121569
0 0.109950 0.624509 0.146046 0.178431
0 0.225250 0.553588 0.146810 0.178908
0 0.249114 0.727906 0.164682 0.175839
0 0.333941 0.652204 0.143864 0.177203
0 0.128590 0.413983 0.196091 0.242429
0 0.003864 0.202026 0.007727 0.032974
0 0.053864 0.258076 0.107727 0.139181
0 0.167187 0.305354 0.133463 0.117967
0 0.267369 0.220423 0.175627 0.241692
0 0.607191 0.069700 0.117436 0.099564
0 0.685109 0.876767 0.304836 0.246467
0 0.640091 0.494413 0.200291 0.263670
0 0.747514 0.617155 0.157700 0.189973
0 0.403164 0.522865 0.165582 0.162946
0 0.032509 0.096719 0.065018 0.129564
0 0.376341 0.349625 0.152500 0.151064
0 0.517100 0.430532 0.105110 0.162264
0 0.273363 0.416548 0.116727 0.151951
0 0.477087 0.755136 0.179973 0.239249
0 0.379223 0.849782 0.167191 0.186576
0 0.493246 0.941998 0.174273 0.116003
0 0.762782 0.789693 0.174800 0.178022
