0 0.182422 0.288277 0.099219 0.050239
0 0.450937 0.309569 0.069687 0.067703
0 0.538164 0.294497 0.077422 0.063397
0 0.503316 0.338301 0.075493 0.124521
0 0.619715 0.376244 0.150820 0.133445
0 0.669700 0.335604 0.110695 0.081472
0 0.716406 0.300658 0.100938 0.062320
0 0.623172 0.277344 0.093094 0.069617
0 0.588867 0.252632 0.073047 0.042345
0 0.545664 0.242644 0.042734 0.039354
0 0.505156 0.241866 0.031406 0.043302
0 0.464453 0.240311 0.048594 0.036842
0 0.450937 0.257775 0.070781 0.040909
0 0.396875 0.274821 0.084688 0.064473
0 0.289000 0.308391 0.118344 0.084222
0 0.338238 0.351692 0.151961 0.126495
0 0.390726 0.391997 0.149359 0.109881
0 0.432742 0.465413 0.136234 0.166447
0 0.575043 0.461345 0.138570 0.169581
0 0.783555 0.600718 0.281328 0.269139
0 0.792578 0.487440 0.260156 0.175837
0 0.822304 0.403110 0.205391 0.138756
0 0.836672 0.328457 0.126766 0.076890
0 0.823672 0.277991 0.101718 0.050479
0 0.766641 0.263636 0.064375 0.047847
0 0.708008 0.252153 0.075703 0.047368
0 0.682539 0.233254 0.047110 0.034689
0 0.642617 0.225299 0.045547 0.036962
0 0.606915 0.219737 0.031953 0.029665
0 0.575546 0.219618 0.024375 0.027751
0 0.531524 0.217465 0.032109 0.036603
0 0.483047 0.217105 0.027656 0.027512
0 0.429688 0.221949 0.029375 0.029067
0 0.402031 0.225897 0.037031 0.035526
0 0.363672 0.232057 0.041406 0.031339
0 0.331953 0.242644 0.050782 0.041029
0 0.290039 0.251136 0.076016 0.045335
0 0.235117 0.271053 0.070860 0.046890
0 0.159766 0.340909 0.124219 0.078948
0 0.171094 0.409091 0.189062 0.131579
0 0.199602 0.491489 0.255485 0.175730
0 0.215469 0.606818 0.282500 0.276794
0 0.286328 0.709928 0.275781 0.388756
0 0.500390 0.706937 0.169531 0.380383
0 0.715234 0.716986 0.266406 0.369857
