0 0.087083 0.744022 0.174167 0.404193
0 0.045833 0.884317 0.091667 0.190994
0 0.220333 0.647282 0.166000 0.329659
0 0.318375 0.388122 0.098250 0.133385
0 0.427917 0.507997 0.109167 0.185870
0 0.379750 0.548525 0.043834 0.191770
0 0.287166 0.551242 0.194667 0.316770
0 0.370084 0.146739 0.046833 0.035714
0 0.812584 0.148137 0.039833 0.110559
0 0.976042 0.053494 0.047917 0.035870
0 0.517084 0.289597 0.184167 0.315217
0 0.407750 0.228261 0.108834 0.170808
0 0.488708 0.071429 0.189083 0.142857
0 0.614792 0.066072 0.073750 0.132143
0 0.730208 0.135016 0.153750 0.270031
0 0.621125 0.159643 0.259484 0.282640
0 0.819317 0.014938 0.023667 0.029876
0 0.866917 0.068191 0.070850 0.120420
0 0.845667 0.092663 0.078800 0.150698
0 0.904342 0.057291 0.041517 0.097717
0 0.922167 0.042787 0.060600 0.085575
0 0.950033 0.028812 0.017333 0.057624
0 0.972696 0.017080 0.035158 0.034161
0 0.842496 0.009860 0.035875 0.019720
0 0.390583 0.032065 0.008833 0.064130
0 0.803341 0.033618 0.019333 0.067236
0 0.745580 0.752507 0.165825 0.268121
0 0.055834 0.967391 0.111667 0.065217
0 0.831250 0.598602 0.140834 0.197205
0 0.958750 0.383540 0.082500 0.155279
0 0.979542 0.268633 0.040917 0.077639
0 0.260833 0.892081 0.243333 0.215839
0 0.392250 0.808230 0.167166 0.240683
0 0.562500 0.691382 0.176666 0.263198
0 0.571666 0.512423 0.183333 0.276397
0 0.633750 0.416848 0.192500 0.390838
0 0.767500 0.361801 0.106666 0.183230
0 0.803542 0.326863 0.097083 0.169255
0 0.841208 0.284938 0.090750 0.141304
0 0.869250 0.242236 0.095166 0.133540
0 0.040000 0.532220 0.080000 0.041149
0 0.032500 0.435481 0.065000 0.153882
0 0.105416 0.508540 0.105833 0.082298
0 0.132500 0.451476 0.121666 0.115683
0 0.075875 0.405435 0.104084 0.120808
0 0.114167 0.348603 0.115000 0.094721
0 0.185584 0.340761 0.101167 0.132143
0 0.239333 0.292158 0.093000 0.070963
0 0.116667 0.043479 0.071667 0.086957
0 0.172500 0.139906 0.090000 0.111491
0 0.147625 0.115916 0.075250 0.110714
0 0.210000 0.040683 0.075000 0.081366
0 0.299667 0.045808 0.079000 0.091615
0 0.343333 0.012422 0.020000 0.024845
0 0.330584 0.221274 0.052833 0.063665
0 0.363333 0.333153 0.123333 0.163199
0 0.268417 0.262267 0.097167 0.114596
0 0.346959 0.177018 0.021083 0.027951
0 0.918208 0.219876 0.083083 0.125466
0 0.917875 0.159550 0.084916 0.064441
0 0.956958 0.161723 0.072750 0.118479
0 0.972916 0.124379 0.054167 0.111490
0 0.992166 0.025388 0.015667 0.022826
0 0.256958 0.375000 0.123917 0.097826
