0 0.181000 0.424208 0.184666 0.201358
0 0.108455 0.931165 0.216911 0.137670
0 0.279528 0.093337 0.056678 0.095498
0 0.311689 0.126776 0.080044 0.124140
0 0.314950 0.078654 0.131500 0.104864
0 0.422161 0.162081 0.094522 0.124571
0 0.356150 0.050193 0.069300 0.084457
0 0.428295 0.067783 0.098145 0.104842
0 0.550466 0.181437 0.090889 0.130883
0 0.497500 0.141855 0.070666 0.100996
0 0.047222 0.344457 0.094444 0.132352
0 0.495772 0.114943 0.120789 0.095000
0 0.530334 0.077161 0.110245 0.082104
0 0.643795 0.124819 0.171367 0.119774
0 0.623094 0.171324 0.084189 0.147172
0 0.678400 0.216414 0.102888 0.142376
0 0.770255 0.199773 0.098045 0.166425
0 0.781972 0.164899 0.139856 0.097127
0 0.912750 0.175690 0.124878 0.067082
0 0.965928 0.255441 0.068144 0.142149
0 0.908922 0.246764 0.084556 0.152941
0 0.984022 0.404966 0.031956 0.026176
0 0.265327 0.022500 0.086233 0.045000
0 0.226000 0.065023 0.078888 0.107828
0 0.187322 0.080825 0.068800 0.111425
0 0.127167 0.045305 0.080000 0.090611
0 0.103328 0.073665 0.074878 0.125746
0 0.063900 0.040905 0.047178 0.081810
0 0.055556 0.285068 0.111111 0.117647
0 0.173945 0.660633 0.152333 0.194571
0 0.029022 0.057025 0.058044 0.114050
0 0.026617 0.145758 0.053233 0.051923
0 0.056673 0.132918 0.110233 0.072987
0 0.048800 0.188405 0.097600 0.075905
0 0.117000 0.253620 0.179712 0.141176
0 0.232839 0.212285 0.160589 0.075068
0 0.266134 0.187885 0.123489 0.097579
0 0.161300 0.146844 0.103222 0.063326
0 0.944406 0.138201 0.111189 0.097760
0 0.894289 0.108054 0.126534 0.121584
0 0.181333 0.521493 0.125333 0.165158
0 0.779284 0.101799 0.111945 0.089525
0 0.686316 0.082262 0.092345 0.083620
0 0.595767 0.050792 0.076800 0.042670
0 0.507105 0.032704 0.100967 0.065407
0 0.420067 0.018823 0.083045 0.031267
0 0.347955 0.012964 0.079023 0.025928
0 0.186833 0.013213 0.070467 0.026425
0 0.108605 0.173620 0.117123 0.057014
0 0.831666 0.900452 0.194445 0.199095
0 0.961111 0.845023 0.077778 0.309955
0 0.777778 0.779412 0.164444 0.314480
0 0.586112 0.852941 0.178889 0.221720
0 0.562612 0.664366 0.154111 0.245927
0 0.358333 0.708145 0.170000 0.276018
0 0.041111 0.579751 0.082222 0.197964
0 0.054444 0.480769 0.108889 0.223982
0 0.228889 0.306561 0.173334 0.151584
0 0.386667 0.460407 0.208889 0.214932
0 0.564445 0.401583 0.197777 0.187783
0 0.383333 0.348982 0.186667 0.176244
0 0.373722 0.247172 0.130778 0.069004
0 0.385555 0.214706 0.133333 0.094570
0 0.509556 0.229299 0.134667 0.073982
0 0.651111 0.611991 0.246666 0.269230
0 0.885444 0.682805 0.229111 0.285973
0 0.942778 0.514706 0.114444 0.205882
0 0.771611 0.444570 0.245666 0.187783
0 0.876723 0.384615 0.160333 0.099547
0 0.960000 0.359502 0.080000 0.105430
0 0.834611 0.253167 0.111222 0.130317
0 0.486111 0.291855 0.112222 0.085973
0 0.654444 0.313688 0.240000 0.137330
0 0.673334 0.273756 0.124445 0.076923
0 0.815277 0.314932 0.179667 0.091402
0 0.305089 0.012953 0.023822 0.025905
