0 0.920139 0.860667 0.159722 0.278667
0 0.833681 0.710556 0.332639 0.381111
0 0.560416 0.879833 0.580555 0.240333
0 0.077430 0.939445 0.154861 0.121111
0 0.069097 0.730556 0.138194 0.316667
0 0.007500 0.549000 0.015000 0.046666
0 0.010452 0.519667 0.020903 0.106000
0 0.009375 0.438333 0.018750 0.098889
0 0.565729 0.528334 0.353264 0.263333
0 0.575452 0.361889 0.214791 0.169556
0 0.757812 0.396000 0.231597 0.248000
0 0.887952 0.363722 0.224097 0.232556
0 0.950347 0.292778 0.099306 0.132222
0 0.826042 0.210056 0.159028 0.103667
0 0.925729 0.191444 0.148542 0.096667
0 0.963889 0.159611 0.072222 0.068556
0 0.975208 0.105055 0.049583 0.043889
0 0.980729 0.069278 0.038542 0.060556
0 0.913716 0.014667 0.113681 0.029333
0 0.708125 0.230833 0.166388 0.116111
0 0.574827 0.169333 0.130903 0.092445
0 0.568010 0.107800 0.104201 0.063600
0 0.479451 0.126327 0.111625 0.086811
0 0.401170 0.093289 0.087438 0.087644
0 0.367736 0.137595 0.110416 0.108523
0 0.297063 0.096745 0.085195 0.098977
0 0.193552 0.113473 0.103854 0.119167
0 0.083014 0.112372 0.103750 0.119744
0 0.035788 0.066772 0.071576 0.113900
0 0.137257 0.056345 0.087264 0.083223
0 0.128128 0.168811 0.105841 0.142156
0 0.183652 0.219511 0.128833 0.141200
0 0.256833 0.308856 0.151889 0.183577
0 0.370093 0.415461 0.199813 0.224944
0 0.026771 0.162778 0.053542 0.067778
0 0.058334 0.285556 0.116667 0.184445
0 0.120139 0.392222 0.193056 0.220000
0 0.215625 0.540000 0.239584 0.277778
0 0.395799 0.621111 0.413819 0.284444
0 0.418056 0.804445 0.497223 0.391111
0 0.422500 0.281944 0.150556 0.187445
0 0.779062 0.016056 0.082431 0.032111
0 0.704584 0.022389 0.072639 0.044778
0 0.658181 0.096688 0.109625 0.059889
0 0.680587 0.153950 0.137090 0.089166
0 0.774906 0.139089 0.139396 0.082022
0 0.851920 0.128106 0.138979 0.087323
0 0.835518 0.093889 0.135507 0.085711
0 0.729388 0.079600 0.108139 0.052066
0 0.641841 0.027183 0.089097 0.052767
0 0.624916 0.049300 0.088125 0.051378
0 0.799298 0.048727 0.083805 0.063589
0 0.841646 0.016761 0.056472 0.033522
0 0.584386 0.269189 0.164229 0.162044
0 0.461591 0.204089 0.127653 0.141734
0 0.323809 0.201555 0.121132 0.152623
0 0.146569 0.008272 0.026223 0.016544
0 0.193521 0.027050 0.069986 0.054100
0 0.237871 0.059278 0.076605 0.110822
0 0.285035 0.023595 0.069264 0.047189
0 0.340042 0.051795 0.076750 0.064055
0 0.968576 0.031278 0.062847 0.052556
0 0.920139 0.091278 0.101806 0.100556
0 0.345347 0.018111 0.070556 0.036222
0 0.722622 0.055294 0.114771 0.058300
0 0.480260 0.071505 0.091937 0.064855
0 0.407736 0.038339 0.074320 0.056166
0 0.418729 0.018372 0.076166 0.036744
0 0.488278 0.040350 0.089153 0.068256
0 0.569281 0.070128 0.092201 0.062100
0 0.614299 0.017189 0.076847 0.034378
0 0.545872 0.026722 0.076701 0.053444
0 0.483017 0.008189 0.054577 0.016378
0 0.895191 0.035339 0.113882 0.040900
0 0.092351 0.026467 0.079479 0.052933
0 0.044525 0.007195 0.023007 0.014389
