0 0.212325 0.694364 0.109116 0.099970
0 0.756758 0.602264 0.104150 0.115355
0 0.279208 0.542648 0.066517 0.062278
0 0.042825 0.595089 0.085650 0.062308
0 0.050833 0.618047 0.101267 0.095799
0 0.093858 0.633402 0.119950 0.095444
0 0.110975 0.647648 0.104584 0.094230
0 0.165625 0.657115 0.130784 0.100739
0 0.263225 0.705739 0.123950 0.131657
0 0.316667 0.726938 0.141300 0.149083
0 0.382150 0.761302 0.155634 0.143728
0 0.298841 0.550237 0.070883 0.068817
0 0.454942 0.791435 0.166450 0.160207
0 0.699383 0.881968 0.157800 0.236065
0 0.435708 0.649645 0.148483 0.127692
0 0.638042 0.729734 0.182283 0.130533
0 0.569533 0.831051 0.174700 0.227071
0 0.240092 0.524837 0.067217 0.064467
0 0.331325 0.492737 0.060750 0.047426
0 0.409025 0.477722 0.050284 0.045858
0 0.323908 0.556124 0.061283 0.068817
0 0.356900 0.564497 0.067934 0.068166
0 0.353484 0.515340 0.061967 0.036183
0 0.399166 0.520769 0.054333 0.035799
0 0.431584 0.523728 0.051833 0.036390
0 0.476916 0.528166 0.069833 0.029290
0 0.537000 0.535119 0.050000 0.040829
0 0.495500 0.579201 0.092000 0.092900
0 0.615084 0.542663 0.069167 0.051775
0 0.537583 0.601390 0.081167 0.089349
0 0.593417 0.608787 0.089833 0.094674
0 0.662583 0.618950 0.090000 0.105237
0 0.836075 0.563432 0.076584 0.082248
0 0.809925 0.652263 0.102950 0.113343
0 0.978700 0.637589 0.042600 0.150325
0 0.676300 0.485030 0.052666 0.055325
0 0.902550 0.584142 0.089166 0.116864
0 0.937717 0.515355 0.054833 0.072782
0 0.990900 0.513876 0.018200 0.071598
0 0.883466 0.507958 0.055667 0.064497
0 0.865133 0.477781 0.053333 0.057988
0 0.823133 0.478521 0.044000 0.054734
0 0.774800 0.490651 0.057334 0.069526
0 0.726550 0.489615 0.046834 0.060947
0 0.672983 0.321657 0.021667 0.034320
0 0.621800 0.466243 0.049000 0.040829
0 0.582216 0.465059 0.044167 0.038462
0 0.552134 0.465355 0.038667 0.037278
0 0.607650 0.434852 0.036166 0.036628
0 0.645934 0.422544 0.024667 0.022781
0 0.652433 0.404940 0.028000 0.023077
0 0.698184 0.412486 0.033167 0.022189
0 0.701100 0.435562 0.031334 0.037574
0 0.637433 0.434231 0.024667 0.036095
0 0.622750 0.414556 0.025500 0.018935
0 0.669500 0.434823 0.038666 0.037573
0 0.755834 0.436302 0.037333 0.039349
0 0.780850 0.422633 0.022166 0.028402
0 0.825192 0.438773 0.039850 0.038787
0 0.871633 0.436006 0.039600 0.044320
0 0.889900 0.424719 0.029466 0.043876
0 0.929109 0.422589 0.035517 0.048136
0 0.981917 0.423447 0.020633 0.035355
0 0.959350 0.436864 0.044166 0.055384
0 0.183783 0.377855 0.068500 0.053580
0 0.234042 0.379881 0.017083 0.018343
0 0.759383 0.318758 0.032500 0.023373
0 0.695817 0.323432 0.025333 0.026036
0 0.654650 0.321952 0.019334 0.039053
0 0.636483 0.323166 0.023667 0.042012
0 0.613900 0.326982 0.023500 0.045562
0 0.590566 0.330089 0.027167 0.046450
0 0.565733 0.333786 0.026500 0.047929
0 0.535000 0.335740 0.036666 0.056805
0 0.295941 0.364852 0.106783 0.052604
0 0.692883 0.402426 0.022333 0.023964
0 0.725966 0.404645 0.029167 0.031952
0 0.717050 0.391923 0.022000 0.020710
0 0.741108 0.394586 0.025217 0.030769
0 0.737800 0.378757 0.024166 0.018639
0 0.768217 0.394586 0.031667 0.036095
0 0.829417 0.365000 0.025333 0.019526
0 0.905184 0.401450 0.029533 0.040887
0 0.998741 0.435385 0.002517 0.031597
0 0.979459 0.366819 0.016083 0.020029
0 0.984150 0.376834 0.019200 0.023846
0 0.995267 0.367574 0.009467 0.017160
0 0.887966 0.377722 0.022167 0.028402
0 0.849867 0.382722 0.025333 0.026332
0 0.825784 0.382426 0.029833 0.026332
0 0.764400 0.380059 0.019334 0.022485
0 0.779233 0.369467 0.012000 0.015681
0 0.478550 0.338639 0.032834 0.061538
0 0.449967 0.347959 0.024333 0.051183
0 0.409800 0.346775 0.030666 0.069526
0 0.845342 0.354512 0.014350 0.017426
0 0.828092 0.353491 0.013850 0.009468
0 0.809666 0.359704 0.014667 0.011834
0 0.931067 0.355769 0.029667 0.020710
0 0.935733 0.379320 0.027167 0.033137
0 0.915733 0.374734 0.021167 0.028698
0 0.860600 0.368314 0.018000 0.019231
0 0.667083 0.558018 0.070800 0.070296
0 0.729483 0.563343 0.062633 0.075858
0 0.366725 0.355488 0.056616 0.053698
0 0.432258 0.351864 0.014883 0.052426
0 0.437700 0.560799 0.083500 0.050888
0 0.396867 0.567233 0.073167 0.063757
0 0.666292 0.519971 0.081250 0.039349
0 0.890634 0.355651 0.016833 0.015680
0 0.812584 0.370474 0.012333 0.019823
0 0.793000 0.369437 0.019834 0.018935
