0 0.186662 0.093643 0.043046 0.044774
0 0.467129 0.731993 0.143519 0.214405
0 0.592129 0.832496 0.143519 0.257956
0 0.745370 0.896147 0.133333 0.207705
0 0.507408 0.963149 0.107407 0.073702
0 0.108796 0.766331 0.197222 0.256281
0 0.063426 0.683417 0.126852 0.221106
0 0.031296 0.576047 0.062593 0.110888
0 0.369908 0.661641 0.139815 0.187605
0 0.282407 0.594640 0.140741 0.160804
0 0.207917 0.539447 0.138055 0.143886
0 0.146112 0.495896 0.137037 0.130486
0 0.089166 0.451424 0.132037 0.115578
0 0.056111 0.416248 0.112222 0.102178
0 0.035555 0.362814 0.071111 0.051592
0 0.013055 0.326634 0.026111 0.026801
0 0.943056 0.953936 0.113889 0.092127
0 0.961111 0.566164 0.077778 0.184254
0 0.971297 0.446398 0.057407 0.097823
0 0.853379 0.518425 0.084537 0.165829
0 0.743518 0.471525 0.081481 0.152429
0 0.650926 0.432748 0.079630 0.136181
0 0.564351 0.396566 0.082963 0.124790
0 0.495092 0.365997 0.082037 0.112228
0 0.437037 0.340871 0.081482 0.105528
0 0.375926 0.314238 0.081482 0.098492
0 0.321435 0.291206 0.081204 0.094304
0 0.276852 0.270687 0.079630 0.088442
0 0.238519 0.254439 0.078333 0.083417
0 0.196991 0.239280 0.075278 0.077554
0 0.155556 0.224456 0.075926 0.074372
0 0.124324 0.209765 0.072314 0.071591
0 0.093690 0.197169 0.070713 0.068375
0 0.064301 0.187002 0.068380 0.066600
0 0.038260 0.174758 0.068093 0.064221
0 0.010528 0.139875 0.021056 0.024607
0 0.023394 0.164280 0.046787 0.060385
0 0.019408 0.111449 0.038815 0.030938
0 0.037537 0.118309 0.044074 0.033501
0 0.058972 0.126432 0.043426 0.035008
0 0.081750 0.135478 0.043982 0.037689
0 0.108879 0.144941 0.045833 0.039196
0 0.142843 0.153400 0.062352 0.042713
0 0.168685 0.166214 0.065092 0.044891
0 0.198093 0.180034 0.058333 0.053433
0 0.553704 0.181993 0.050000 0.064824
0 0.226704 0.188827 0.055000 0.056281
0 0.267010 0.195863 0.064685 0.043216
0 0.309018 0.213869 0.064815 0.052764
0 0.350111 0.228693 0.065518 0.058291
0 0.394491 0.244389 0.066648 0.062211
0 0.445352 0.261692 0.069352 0.069682
0 0.504101 0.281206 0.068889 0.072864
0 0.558083 0.302982 0.068704 0.082245
0 0.621834 0.327437 0.065833 0.092630
0 0.702357 0.356482 0.070399 0.097454
0 0.788741 0.387597 0.069556 0.105645
0 0.885986 0.425612 0.068268 0.114807
0 0.981592 0.014079 0.019445 0.028157
0 0.947879 0.012571 0.021315 0.025142
0 0.915278 0.011725 0.019444 0.023451
0 0.882871 0.010051 0.019445 0.020101
0 0.855417 0.008375 0.020278 0.016750
0 0.824583 0.006952 0.020093 0.013903
0 0.801481 0.005528 0.019259 0.011055
0 0.771991 0.004104 0.019907 0.008208
0 0.794768 0.026298 0.022871 0.031826
0 0.828102 0.029732 0.022870 0.033668
0 0.861621 0.034422 0.020093 0.035344
0 0.933240 0.041960 0.022407 0.036684
0 0.657870 0.209380 0.050926 0.070352
0 0.713889 0.222865 0.050000 0.076885
0 0.777176 0.238107 0.049352 0.083250
0 0.840880 0.254858 0.047871 0.086599
0 0.394101 0.142354 0.051537 0.054121
0 0.356366 0.133124 0.049398 0.052814
0 0.326810 0.125167 0.047694 0.051173
0 0.311953 0.088609 0.041833 0.028141
0 0.298014 0.117948 0.047490 0.049900
0 0.267699 0.110913 0.047490 0.047890
0 0.240824 0.104790 0.046482 0.046231
0 0.212635 0.099397 0.044861 0.045326
0 0.337500 0.903685 0.175000 0.192630
0 0.164435 0.087152 0.043444 0.042043
0 0.144879 0.081935 0.042741 0.042228
0 0.191574 0.061758 0.032963 0.024121
0 0.210695 0.070218 0.031759 0.025628
0 0.232593 0.072982 0.035000 0.024455
0 0.257546 0.077002 0.033796 0.024455
0 0.284722 0.082865 0.033889 0.029481
0 0.340880 0.094673 0.037685 0.029983
0 0.370046 0.100201 0.038796 0.029648
0 0.402686 0.110252 0.044815 0.039363
0 0.917593 0.274707 0.052223 0.090452
0 0.984166 0.291122 0.031667 0.091122
0 0.604491 0.195142 0.048426 0.068677
0 0.428505 0.152320 0.050621 0.058308
0 0.436065 0.115193 0.039722 0.030821
0 0.470602 0.127588 0.043982 0.043886
0 0.509861 0.136717 0.042870 0.043718
0 0.547639 0.146265 0.044352 0.052764
0 0.591759 0.158409 0.041852 0.054941
0 0.638287 0.167789 0.041388 0.053266
0 0.689426 0.179146 0.043334 0.062814
0 0.739518 0.191793 0.042037 0.060971
0 0.798639 0.206030 0.039722 0.066332
0 0.852861 0.211139 0.043334 0.050754
0 0.928602 0.233836 0.041296 0.064656
0 0.986148 0.249665 0.027685 0.067504
0 0.995778 0.098191 0.008444 0.041809
0 0.992908 0.147068 0.014185 0.050251
0 0.944254 0.139866 0.036453 0.053266
0 0.895796 0.131759 0.034907 0.049079
0 0.845250 0.123066 0.033982 0.048409
0 0.796269 0.114187 0.032315 0.044389
0 0.754972 0.106818 0.034352 0.043719
0 0.713445 0.100368 0.033149 0.043551
0 0.674833 0.093417 0.033704 0.041374
0 0.400157 0.062345 0.035277 0.038861
0 0.637796 0.086214 0.034815 0.042043
0 0.605065 0.082697 0.033982 0.040034
0 0.572148 0.075578 0.034259 0.040536
0 0.510204 0.066700 0.034445 0.037521
0 0.452982 0.071558 0.037777 0.040536
0 0.375713 0.058241 0.037130 0.036684
0 0.540195 0.070620 0.033723 0.038392
0 0.427694 0.066098 0.037389 0.039397
0 0.305528 0.046433 0.036389 0.033501
0 0.327750 0.049766 0.036760 0.035879
0 0.333722 0.028007 0.023518 0.013735
0 0.356653 0.030905 0.026546 0.014841
0 0.380602 0.035980 0.025556 0.013736
0 0.351667 0.052562 0.035278 0.036181
0 0.403750 0.039665 0.025926 0.015076
0 0.428935 0.045778 0.026852 0.021273
0 0.453356 0.047311 0.027083 0.015963
0 0.481065 0.062077 0.034722 0.035344
0 0.965787 0.078576 0.020834 0.044221
0 0.958287 0.091139 0.030834 0.048912
0 0.972268 0.047420 0.023981 0.041206
0 0.804213 0.052781 0.024908 0.030151
0 0.920185 0.068526 0.025185 0.035176
0 0.915231 0.086784 0.028797 0.047236
0 0.869861 0.079748 0.026944 0.042881
0 0.885370 0.067018 0.022222 0.039196
0 0.900138 0.038542 0.020463 0.036851
0 0.840278 0.059732 0.022963 0.037688
0 0.827685 0.073635 0.029444 0.042044
0 0.792315 0.067772 0.031296 0.042044
0 0.752731 0.064003 0.027685 0.039196
0 0.767824 0.050762 0.024722 0.035528
0 0.736991 0.046666 0.025278 0.034339
0 0.717130 0.058392 0.028148 0.038024
0 0.685602 0.054958 0.028982 0.038191
0 0.707685 0.043484 0.023704 0.035008
0 0.735185 0.019363 0.020926 0.032663
0 0.765926 0.022964 0.023518 0.030821
0 0.706945 0.018274 0.023149 0.030151
0 0.580857 0.008760 0.023065 0.017119
0 0.604787 0.009983 0.024000 0.019966
0 0.629986 0.011189 0.023472 0.022379
0 0.653722 0.012881 0.022667 0.025762
0 0.678454 0.012521 0.022000 0.025042
0 0.404426 0.016684 0.029352 0.029313
0 0.424658 0.019531 0.027777 0.028978
0 0.445537 0.021290 0.029166 0.030486
0 0.466463 0.024724 0.026388 0.030319
0 0.491139 0.028242 0.027592 0.031993
0 0.515907 0.031340 0.029167 0.033500
0 0.540894 0.034774 0.029509 0.030988
0 0.566620 0.023786 0.026778 0.024455
0 0.567028 0.038609 0.029074 0.032663
0 0.589528 0.024623 0.022222 0.023116
0 0.595315 0.042463 0.028426 0.036349
0 0.617722 0.030737 0.023796 0.029314
0 0.623190 0.044556 0.029546 0.039866
0 0.646750 0.034674 0.027222 0.030151
0 0.674389 0.038609 0.027500 0.030653
0 0.491379 0.015109 0.026481 0.023116
0 0.540269 0.018375 0.026111 0.021273
0 0.515037 0.016884 0.022778 0.023317
0 0.470314 0.009498 0.022037 0.018995
0 0.448611 0.007060 0.023240 0.014121
0 0.538176 0.005511 0.023204 0.011022
0 0.468241 0.162479 0.051296 0.060302
0 0.512046 0.171775 0.049333 0.064523
0 0.207407 0.859297 0.205555 0.281407
