0 0.686356 0.154849 0.169526 0.169335
0 0.442036 0.860887 0.285282 0.278226
0 0.877520 0.920363 0.244960 0.159274
0 0.979334 0.836693 0.041331 0.040323
0 0.861895 0.743951 0.276210 0.197581
0 0.791633 0.879536 0.331250 0.240927
0 0.049899 0.456653 0.099798 0.167339
0 0.152722 0.483871 0.255040 0.157258
0 0.219960 0.537299 0.148790 0.106855
0 0.043448 0.598286 0.086895 0.111895
0 0.129536 0.711694 0.259073 0.342742
0 0.177520 0.777217 0.262298 0.272177
0 0.284577 0.828629 0.266734 0.274194
0 0.444657 0.640222 0.182056 0.187702
0 0.384526 0.583669 0.267238 0.215726
0 0.064365 0.059476 0.128730 0.118952
0 0.071220 0.158266 0.142440 0.195564
0 0.173185 0.178428 0.187097 0.223791
0 0.316179 0.186492 0.243246 0.247984
0 0.409678 0.053831 0.179033 0.107661
0 0.289818 0.052016 0.107863 0.104032
0 0.187853 0.038810 0.117641 0.077621
0 0.132056 0.022580 0.062500 0.045161
0 0.395766 0.242036 0.220968 0.229637
0 0.508992 0.089637 0.163892 0.147580
0 0.602847 0.109486 0.153841 0.127924
0 0.755444 0.179102 0.153427 0.165141
0 0.882369 0.187823 0.235262 0.189637
0 0.942565 0.230081 0.114869 0.134234
0 0.994491 0.288266 0.011018 0.029758
0 0.946376 0.442066 0.107248 0.222479
0 0.888130 0.398054 0.223740 0.235988
0 0.572631 0.634335 0.256150 0.229355
0 0.683099 0.723739 0.208599 0.199859
0 0.620046 0.338750 0.208297 0.212500
0 0.548548 0.273730 0.209799 0.236572
0 0.901844 0.026663 0.120827 0.053327
0 0.979622 0.033589 0.040756 0.067177
0 0.574108 0.889264 0.311240 0.221472
0 0.764965 0.362712 0.244990 0.243206
