0 0.145052 0.389352 0.027604 0.080556
0 0.376042 0.532871 0.048959 0.087963
0 0.349375 0.464352 0.041458 0.076852
0 0.385235 0.454630 0.040989 0.070371
0 0.426822 0.437500 0.044271 0.071296
0 0.202083 0.585185 0.042709 0.092592
0 0.461615 0.427778 0.042395 0.066667
0 0.502604 0.407732 0.042708 0.068797
0 0.535156 0.470093 0.053646 0.093148
0 0.494792 0.499074 0.042708 0.068518
0 0.452083 0.509676 0.040625 0.078796
0 0.577943 0.453704 0.043073 0.085185
0 0.607812 0.445370 0.045833 0.074074
0 0.637709 0.427593 0.050417 0.085555
0 0.674323 0.426157 0.045834 0.073981
0 0.639661 0.368518 0.041511 0.059259
0 0.675677 0.361019 0.048646 0.064629
0 0.709114 0.356019 0.048437 0.065741
0 0.024739 0.659907 0.038021 0.093148
0 0.756979 0.285787 0.030312 0.048796
0 0.669193 0.229027 0.037656 0.063611
0 0.639193 0.233797 0.037760 0.067593
0 0.610417 0.248241 0.036459 0.057222
0 0.529896 0.268056 0.037084 0.063889
0 0.502084 0.277686 0.035417 0.068333
0 0.470573 0.285417 0.034896 0.065278
0 0.441536 0.300463 0.034635 0.063888
0 0.411381 0.306435 0.034531 0.066574
0 0.287760 0.347685 0.034895 0.071296
0 0.259375 0.363426 0.032292 0.065740
0 0.220703 0.376852 0.028906 0.057408
0 0.183854 0.381482 0.032292 0.081481
0 0.339584 0.558796 0.040625 0.084259
0 0.070833 0.419629 0.028125 0.073703
0 0.032292 0.433056 0.028125 0.070926
0 0.005208 0.437963 0.010417 0.085186
0 0.044531 0.539352 0.074479 0.071296
0 0.126042 0.506019 0.072917 0.067593
0 0.846875 0.660648 0.051042 0.093518
0 0.988047 0.726852 0.023906 0.100000
0 0.800521 0.653241 0.050000 0.089815
0 0.760938 0.656945 0.046875 0.084259
0 0.719791 0.668519 0.069791 0.122223
0 0.677865 0.702778 0.066146 0.098148
0 0.634219 0.731620 0.064479 0.107500
0 0.542709 0.781945 0.059375 0.112037
0 0.482292 0.815416 0.050000 0.109907
0 0.436458 0.842592 0.060417 0.129629
0 0.336719 0.764352 0.083854 0.091666
0 0.023177 0.759723 0.046354 0.086111
0 0.243750 0.806944 0.088542 0.091667
0 0.262240 0.714815 0.082813 0.092592
0 0.399479 0.668982 0.079167 0.073149
0 0.591883 0.752518 0.065234 0.114241
0 0.835758 0.092519 0.033516 0.034797
0 0.864351 0.097310 0.030703 0.032713
0 0.898454 0.107625 0.034219 0.034584
0 0.933727 0.117440 0.040079 0.038750
0 0.970170 0.126686 0.036797 0.036463
0 0.158073 0.600000 0.042188 0.090740
0 0.991237 0.127269 0.017526 0.038037
0 0.621693 0.004945 0.016396 0.009889
0 0.652690 0.028815 0.021838 0.030148
0 0.519883 0.128625 0.047984 0.039084
0 0.536216 0.087889 0.042328 0.041000
0 0.113632 0.197472 0.050797 0.044611
0 0.037406 0.209759 0.074812 0.065278
0 0.022656 0.264630 0.045312 0.042407
0 0.090365 0.245509 0.058855 0.046574
0 0.171354 0.219815 0.047916 0.047963
0 0.181771 0.181945 0.050000 0.037963
0 0.307526 0.147222 0.046406 0.040741
0 0.348177 0.175463 0.049480 0.037963
0 0.426927 0.116666 0.044062 0.035185
0 0.459635 0.143056 0.047396 0.039815
0 0.483463 0.103704 0.040261 0.035185
0 0.795313 0.175463 0.022917 0.039814
0 0.821927 0.180556 0.021770 0.038889
0 0.736146 0.157871 0.022292 0.037963
0 0.800495 0.125138 0.047344 0.038611
0 0.775911 0.078612 0.029739 0.038889
0 0.806145 0.084121 0.033333 0.034907
0 0.984635 0.168380 0.030729 0.042871
0 0.954427 0.218519 0.026562 0.042593
0 0.986979 0.221065 0.026042 0.054908
0 0.888203 0.190277 0.032968 0.060185
0 0.289062 0.976852 0.054167 0.046296
0 0.347917 0.983796 0.041667 0.032407
0 0.300260 0.564352 0.036979 0.099074
