0 0.248840 0.281851 0.024000 0.038790
0 0.951650 0.380837 0.096700 0.338327
0 0.964510 0.217758 0.070980 0.090036
0 0.603100 0.247865 0.042200 0.045552
0 0.446300 0.246619 0.058200 0.047331
0 0.369600 0.282918 0.044400 0.083630
0 0.334800 0.280961 0.035200 0.066904
0 0.300700 0.278647 0.035000 0.053737
0 0.268200 0.278470 0.015200 0.043416
0 0.276900 0.280605 0.018600 0.045552
0 0.427000 0.286477 0.086000 0.110320
0 0.024000 0.514235 0.048000 0.238434
0 0.054000 0.391459 0.108000 0.263346
0 0.525100 0.309253 0.130200 0.128825
0 0.102100 0.329004 0.044600 0.032385
0 0.121300 0.391281 0.060600 0.104982
0 0.124900 0.314769 0.123800 0.115658
0 0.194600 0.290214 0.042000 0.058007
0 0.733000 0.339857 0.282000 0.231317
