0 0.206580 0.515546 0.039400 0.022933
0 0.239980 0.539680 0.112600 0.069066
0 0.385680 0.536613 0.180240 0.096640
0 0.512760 0.567813 0.172800 0.102720
0 0.502460 0.512800 0.051400 0.017334
0 0.533500 0.507133 0.044600 0.022000
0 0.109990 0.578720 0.219980 0.115574
0 0.783280 0.564227 0.156280 0.089520
0 0.861880 0.605133 0.276240 0.186000
0 0.790520 0.535040 0.077840 0.029654
0 0.766640 0.531147 0.114400 0.057600
0 0.695600 0.529627 0.036200 0.036000
0 0.691600 0.522293 0.046600 0.029867
0 0.690100 0.515360 0.045200 0.027734
0 0.743800 0.521227 0.065800 0.046400
0 0.973380 0.511894 0.053240 0.008427
0 0.347160 0.509600 0.020000 0.020800
0 0.320220 0.510560 0.039800 0.026666
0 0.283860 0.519494 0.047880 0.038133
0 0.079420 0.499760 0.026600 0.024800
0 0.107120 0.498027 0.023200 0.020800
0 0.129420 0.496560 0.020600 0.014666
0 0.015750 0.499574 0.031500 0.018987
0 0.050300 0.501147 0.020000 0.021067
0 0.153420 0.498800 0.018800 0.016800
