0 0.049930 0.795187 0.099860 0.094907
0 0.720000 0.478240 0.029960 0.031094
0 0.679100 0.474200 0.030520 0.039920
0 0.829360 0.752080 0.262280 0.330454
0 0.666110 0.902907 0.239540 0.194187
0 0.343640 0.895280 0.311040 0.209440
0 0.139600 0.886987 0.279200 0.226027
0 0.888040 0.599080 0.145440 0.036880
0 0.879220 0.576614 0.164840 0.041867
0 0.839670 0.558560 0.157540 0.065654
0 0.947860 0.545014 0.028200 0.039733
0 0.927160 0.533813 0.031200 0.036533
0 0.904360 0.523413 0.029600 0.037600
0 0.881380 0.511640 0.025000 0.032880
0 0.814680 0.550747 0.132400 0.065600
0 0.793780 0.534347 0.120600 0.056267
0 0.810380 0.505547 0.118200 0.028000
0 0.756380 0.474614 0.028200 0.020533
0 0.792980 0.472347 0.031000 0.013333
0 0.832620 0.476693 0.024400 0.018133
0 0.608720 0.476160 0.077800 0.028266
0 0.606320 0.496560 0.091400 0.048800
0 0.624060 0.515760 0.040000 0.047466
0 0.610860 0.514027 0.052400 0.045600
0 0.580260 0.511080 0.098000 0.043974
0 0.580720 0.541440 0.118800 0.064534
0 0.561020 0.561707 0.142600 0.076800
0 0.535620 0.569840 0.137400 0.061600
0 0.508820 0.600507 0.192200 0.101067
0 0.474880 0.647520 0.234720 0.148480
0 0.252980 0.636813 0.198160 0.096027
0 0.301080 0.584600 0.142280 0.062214
0 0.374660 0.553920 0.118960 0.052214
0 0.417280 0.532574 0.093600 0.041093
0 0.474740 0.533760 0.032240 0.031894
0 0.475610 0.517027 0.065660 0.031493
0 0.484220 0.503760 0.092320 0.041600
0 0.505920 0.491893 0.064800 0.032800
0 0.457620 0.486827 0.041800 0.037067
0 0.523620 0.413360 0.017000 0.017600
0 0.487220 0.402560 0.059400 0.037066
0 0.526260 0.442827 0.020120 0.026933
0 0.506620 0.461626 0.041800 0.023467
0 0.521720 0.473094 0.064800 0.024533
0 0.524520 0.483360 0.035600 0.014666
0 0.757590 0.494854 0.057020 0.038773
0 0.402660 0.483840 0.056000 0.035734
0 0.386760 0.493173 0.051400 0.035200
0 0.350860 0.494773 0.057200 0.033600
0 0.333760 0.501707 0.072200 0.037867
0 0.316960 0.507520 0.046600 0.041174
0 0.267800 0.522506 0.073200 0.047733
0 0.279680 0.502960 0.041480 0.031094
0 0.220550 0.485840 0.029380 0.031094
0 0.440740 0.401547 0.014880 0.017280
0 0.856160 0.501040 0.030000 0.038134
0 0.667600 0.439787 0.038640 0.018880
0 0.240900 0.527573 0.071000 0.049867
0 0.251600 0.481653 0.073920 0.034560
0 0.223540 0.546374 0.044400 0.046933
