0 0.915000 0.665334 0.170000 0.253333
0 0.442060 0.396853 0.031200 0.019200
0 0.042060 0.423214 0.084120 0.032613
0 0.058760 0.447173 0.117520 0.075200
0 0.082820 0.453174 0.115800 0.080267
0 0.126720 0.459573 0.136800 0.091467
0 0.226300 0.457440 0.247440 0.112960
0 0.037420 0.404907 0.062200 0.009867
0 0.249580 0.487200 0.245520 0.134720
0 0.451420 0.428000 0.082800 0.036160
0 0.387460 0.423200 0.066720 0.026560
0 0.354760 0.418346 0.021400 0.013867
0 0.203980 0.414454 0.038200 0.020267
0 0.189320 0.414026 0.019400 0.010933
0 0.538980 0.451680 0.096000 0.058934
0 0.605780 0.458480 0.104000 0.075200
0 0.695980 0.456080 0.127600 0.086934
0 0.765980 0.455414 0.088800 0.054133
0 0.404560 0.405786 0.046200 0.016267
0 0.821000 0.548000 0.358000 0.264000
0 0.015560 0.419654 0.031120 0.020693
0 0.447530 0.507173 0.329700 0.153707
0 0.705320 0.406080 0.037040 0.017706
0 0.741000 0.412587 0.031440 0.030720
0 0.796480 0.416187 0.033600 0.024800
0 0.848480 0.412187 0.033200 0.019467
0 0.890680 0.408720 0.017000 0.013866
0 0.948190 0.390320 0.103620 0.056000
0 0.290310 0.394400 0.032580 0.012800
