0 0.134560 0.732200 0.117400 0.044000
0 0.123860 0.722800 0.113200 0.044800
0 0.114060 0.694200 0.064800 0.015600
0 0.090760 0.710000 0.100600 0.041600
0 0.093460 0.685700 0.093600 0.023800
0 0.051860 0.686900 0.021600 0.020600
0 0.084460 0.672100 0.084400 0.020600
0 0.011260 0.656100 0.021600 0.026200
0 0.921860 0.786920 0.134880 0.069120
0 0.714970 0.736040 0.121940 0.064320
0 0.763820 0.755600 0.091920 0.046320
0 0.402580 0.807350 0.191480 0.086740
0 0.356270 0.791100 0.113340 0.061160
0 0.196960 0.670740 0.057200 0.024200
0 0.210320 0.690700 0.055800 0.032800
0 0.218820 0.678500 0.090000 0.030400
0 0.246820 0.702800 0.093600 0.038200
0 0.271420 0.718500 0.104800 0.040800
0 0.280700 0.732500 0.101000 0.034400
0 0.294020 0.743200 0.116000 0.039400
0 0.305000 0.759100 0.126400 0.051200
0 0.311220 0.774200 0.103600 0.063400
0 0.188180 0.668700 0.070000 0.028200
0 0.169980 0.664520 0.046400 0.021000
0 0.150940 0.655760 0.036600 0.023000
0 0.170240 0.654960 0.061200 0.023800
0 0.214000 0.879000 0.256000 0.130000
0 0.442000 0.836600 0.168000 0.074800
0 0.961000 0.808000 0.078000 0.064000
0 0.853900 0.764000 0.147800 0.072000
0 0.663060 0.728520 0.106600 0.053400
0 0.610760 0.721420 0.076800 0.045600
0 0.564460 0.714620 0.071000 0.040800
0 0.532760 0.701120 0.072400 0.042200
0 0.501260 0.695020 0.037400 0.028800
0 0.492360 0.687020 0.077200 0.035600
0 0.460860 0.681520 0.067800 0.034200
0 0.427060 0.678420 0.053400 0.028800
0 0.417660 0.667410 0.082600 0.031620
0 0.386880 0.661520 0.053840 0.027000
0 0.379060 0.655220 0.064200 0.029200
0 0.310260 0.638220 0.052600 0.024800
0 0.292360 0.635620 0.042000 0.020400
0 0.278360 0.632460 0.036800 0.021400
0 0.274860 0.629860 0.051400 0.020200
0 0.265530 0.627120 0.036660 0.018400
0 0.257560 0.624520 0.034600 0.022000
0 0.233250 0.618340 0.027820 0.013600
0 0.227560 0.615400 0.039800 0.015600
0 0.176060 0.817100 0.180000 0.061000
0 0.169960 0.777600 0.147800 0.044000
0 0.154460 0.773600 0.134000 0.049200
0 0.152960 0.752600 0.132600 0.040400
0 0.143160 0.745100 0.115000 0.036200
