0 0.545640 0.316466 0.030400 0.035067
0 0.528540 0.300466 0.032600 0.043067
0 0.507120 0.286845 0.036000 0.031555
0 0.309160 0.289511 0.035800 0.037334
0 0.974900 0.471422 0.050200 0.104800
0 0.965300 0.389466 0.069400 0.050667
0 0.473040 0.238223 0.025800 0.029333
0 0.312960 0.361600 0.048800 0.040444
0 0.466000 0.792444 0.232000 0.415111
0 0.624000 0.673333 0.096000 0.137778
0 0.944000 0.737778 0.112000 0.160000
0 0.966000 0.645111 0.068000 0.045778
0 0.855000 0.526667 0.150000 0.137778
0 0.789300 0.496223 0.093400 0.094667
0 0.656480 0.264178 0.028800 0.032444
0 0.682680 0.260178 0.028800 0.042222
0 0.605360 0.270489 0.033600 0.044889
0 0.562160 0.277600 0.023600 0.042222
0 0.337220 0.785911 0.145200 0.195200
0 0.330620 0.704044 0.174720 0.163733
0 0.309740 0.518934 0.100400 0.072889
0 0.313140 0.565933 0.111000 0.094000
0 0.318240 0.624711 0.154400 0.140000
0 0.338340 0.502267 0.066200 0.072000
0 0.325540 0.462933 0.103400 0.068889
0 0.326940 0.428267 0.086200 0.052000
0 0.306840 0.414934 0.066000 0.060889
0 0.330540 0.385155 0.071800 0.041333
0 0.332340 0.371600 0.071400 0.040000
0 0.951700 0.289245 0.065800 0.050223
0 0.892280 0.274666 0.032600 0.023111
0 0.920880 0.278667 0.052600 0.037333
0 0.979790 0.353111 0.040420 0.061778
0 0.948580 0.341111 0.061600 0.066222
0 0.925680 0.327333 0.061400 0.063555
0 0.891380 0.321333 0.051200 0.058667
0 0.866480 0.310889 0.052600 0.048444
0 0.793000 0.294889 0.026600 0.041778
0 0.813400 0.294222 0.042200 0.042222
0 0.844300 0.305111 0.050800 0.050666
0 0.762000 0.289111 0.029000 0.041778
0 0.747700 0.272667 0.042400 0.038222
0 0.711000 0.262755 0.019800 0.030223
0 0.730300 0.262533 0.038800 0.043111
0 0.627410 0.281867 0.026220 0.032889
0 0.619300 0.275200 0.038800 0.041778
0 0.666580 0.302311 0.033800 0.048000
0 0.635980 0.288311 0.031400 0.034222
0 0.641980 0.294978 0.030200 0.034222
0 0.715460 0.322844 0.037680 0.046400
0 0.739340 0.330578 0.058560 0.060800
0 0.756380 0.341244 0.057120 0.064000
0 0.787220 0.364978 0.066000 0.068800
0 0.816000 0.382578 0.057360 0.066667
0 0.854660 0.398045 0.066480 0.079467
0 0.899900 0.416711 0.084960 0.081600
0 0.948030 0.442311 0.103940 0.088000
0 0.686110 0.829800 0.175220 0.280312
0 0.612670 0.571355 0.130620 0.107511
0 0.584840 0.540489 0.124000 0.113334
0 0.557340 0.508711 0.097000 0.098666
0 0.549540 0.467378 0.098600 0.096000
0 0.527240 0.446044 0.094400 0.094223
0 0.511440 0.424978 0.074800 0.076000
0 0.501940 0.403423 0.081400 0.080889
0 0.481440 0.391422 0.050000 0.059556
0 0.476740 0.376934 0.048600 0.049333
0 0.469440 0.367200 0.055600 0.060000
0 0.470840 0.346978 0.064000 0.054222
0 0.461640 0.332089 0.046800 0.044000
0 0.439200 0.323288 0.041800 0.040889
0 0.431000 0.307956 0.037400 0.041333
0 0.382780 0.290355 0.019200 0.030223
0 0.386480 0.304134 0.021800 0.040889
0 0.426560 0.291288 0.047600 0.036889
0 0.415860 0.284045 0.031400 0.033777
0 0.409660 0.274933 0.018600 0.019111
0 0.316460 0.344489 0.053400 0.026666
0 0.320060 0.337378 0.059800 0.036444
0 0.323360 0.327378 0.060800 0.045778
0 0.328560 0.312489 0.053200 0.028444
0 0.332160 0.289600 0.039200 0.033334
0 0.747240 0.465778 0.074600 0.076444
0 0.709240 0.450666 0.061800 0.075555
0 0.674040 0.409778 0.081000 0.065778
0 0.638840 0.389778 0.055000 0.064000
0 0.619640 0.377555 0.049400 0.054667
0 0.602140 0.364445 0.044000 0.054223
0 0.587740 0.345111 0.046800 0.047556
0 0.556540 0.327777 0.038600 0.039111
