0 0.397360 0.325147 0.042720 0.040640
0 0.789960 0.321333 0.041000 0.043200
0 0.634050 0.384040 0.157500 0.099440
0 0.699200 0.362054 0.147400 0.080533
0 0.717800 0.345253 0.134200 0.065600
0 0.762050 0.346360 0.079700 0.060720
0 0.769500 0.339120 0.079200 0.053334
0 0.856500 0.324627 0.052000 0.047280
0 0.923000 0.324987 0.065000 0.054400
0 0.976850 0.327786 0.046300 0.057867
0 0.863000 0.973334 0.274000 0.053333
0 0.957000 0.838667 0.086000 0.296000
0 0.988000 0.645333 0.024000 0.096000
0 0.981600 0.534666 0.036800 0.114667
0 0.988000 0.415733 0.024000 0.069867
0 0.991650 0.380454 0.016700 0.025973
0 0.986370 0.379360 0.027260 0.052480
0 0.986850 0.345626 0.026300 0.013067
0 0.984690 0.359893 0.030620 0.028693
0 0.988500 0.471786 0.023000 0.037227
0 0.011360 0.302907 0.022720 0.049280
0 0.427240 0.320347 0.035280 0.031680
0 0.500200 0.325787 0.070320 0.043840
0 0.598340 0.323840 0.073800 0.034400
0 0.636440 0.300774 0.037200 0.028267
0 0.611140 0.297173 0.032600 0.021067
0 0.568240 0.310773 0.046000 0.039200
0 0.585140 0.295440 0.027800 0.022934
0 0.405960 0.291600 0.047400 0.023200
0 0.698810 0.306160 0.038300 0.014186
0 0.667960 0.280640 0.024000 0.014666
0 0.684360 0.283840 0.015600 0.015734
0 0.432260 0.285040 0.024480 0.019946
0 0.460340 0.303480 0.048400 0.033786
0 0.112000 0.618667 0.224000 0.362667
0 0.263000 0.519333 0.334000 0.252000
0 0.419000 0.464000 0.258000 0.181334
0 0.509500 0.428000 0.201000 0.141334
0 0.579500 0.406400 0.177000 0.119466
0 0.525580 0.289947 0.033000 0.016800
0 0.480580 0.283947 0.027800 0.009600
0 0.491260 0.303947 0.038400 0.028800
0 0.557360 0.287947 0.029000 0.012800
0 0.713220 0.283440 0.024000 0.026134
0 0.686920 0.279973 0.018200 0.011733
0 0.651220 0.290666 0.030200 0.022667
0 0.670120 0.291467 0.012400 0.016800
0 0.457700 0.283573 0.024200 0.007733
0 0.764560 0.295840 0.013400 0.018400
0 0.156860 0.319320 0.285480 0.185680
0 0.323780 0.333373 0.113360 0.088453
