0 0.581160 0.303560 0.080360 0.063814
0 0.558290 0.309266 0.091580 0.077573
0 0.324300 0.327734 0.203400 0.144533
0 0.837000 0.340000 0.326000 0.194666
0 0.439700 0.308000 0.160600 0.120000
0 0.846700 0.369387 0.306600 0.139040
0 0.097000 0.384000 0.194000 0.234666
0 0.809860 0.309466 0.103400 0.044907
0 0.768000 0.597333 0.464000 0.586667
0 0.819260 0.305640 0.062280 0.025680
0 0.829440 0.292573 0.064800 0.025733
0 0.663520 0.294307 0.069400 0.037627
0 0.621070 0.296413 0.062780 0.054907
0 0.182000 0.338667 0.292000 0.192000
0 0.585910 0.299106 0.111180 0.066427
0 0.513800 0.308000 0.108400 0.093334
