0 0.511993 0.087084 0.106013 0.056333
0 0.474413 0.068083 0.096675 0.074300
0 0.438250 0.049159 0.084500 0.098317
0 0.384837 0.027500 0.025075 0.055000
0 0.404131 0.029000 0.028863 0.058000
0 0.291106 0.109650 0.161738 0.172934
0 0.274269 0.036484 0.104763 0.038633
0 0.284393 0.022891 0.119237 0.045783
0 0.043325 0.057350 0.086650 0.114700
0 0.089569 0.047267 0.038812 0.094533
0 0.107381 0.036825 0.034512 0.073650
0 0.122006 0.028858 0.025013 0.057717
0 0.777769 0.276383 0.174962 0.163300
0 0.753250 0.195458 0.161775 0.171350
0 0.941275 0.114216 0.117450 0.111967
0 0.963437 0.047150 0.073125 0.030366
0 0.921557 0.060825 0.094087 0.104716
0 0.868812 0.050800 0.062200 0.092266
0 0.831744 0.079658 0.057538 0.123050
0 0.622656 0.087983 0.046988 0.124333
0 0.606819 0.054384 0.080462 0.108467
0 0.562125 0.042367 0.039250 0.084733
0 0.531475 0.031667 0.052350 0.063333
0 0.487762 0.017966 0.049775 0.035933
0 0.719912 0.112250 0.175125 0.224500
0 0.642344 0.138642 0.015838 0.086883
0 0.613926 0.072875 0.065525 0.105084
0 0.466875 0.847500 0.288750 0.305000
0 0.475000 0.615834 0.260000 0.288333
0 0.500000 0.420000 0.202500 0.210000
0 0.496625 0.278334 0.189250 0.153333
0 0.818625 0.428333 0.210250 0.210000
0 0.872500 0.603333 0.255000 0.260000
0 0.891875 0.888333 0.216250 0.223333
0 0.120625 0.642500 0.241250 0.318334
0 0.170813 0.430000 0.208375 0.216666
0 0.248250 0.261667 0.174000 0.173333
0 0.029000 0.091750 0.058000 0.176500
0 0.262188 0.156666 0.145875 0.123333
0 0.514181 0.206258 0.135213 0.058750
0 0.482963 0.181958 0.157849 0.134783
0 0.487244 0.113358 0.150337 0.093650
