0 0.111719 0.184896 0.107812 0.082292
0 0.702344 0.803646 0.595313 0.392708
0 0.098047 0.670833 0.196094 0.360417
0 0.214062 0.869271 0.428125 0.261458
0 0.357422 0.570833 0.297656 0.356250
0 0.832422 0.748959 0.335156 0.439583
0 0.908594 0.524792 0.182813 0.156667
0 0.972266 0.437500 0.055469 0.047916
0 0.695703 0.459375 0.310156 0.216666
0 0.818906 0.394844 0.301875 0.160521
0 0.916015 0.335938 0.167969 0.146875
0 0.934023 0.176041 0.111641 0.064583
0 0.959766 0.170313 0.080469 0.063541
0 0.985156 0.143230 0.029687 0.021875
0 0.987891 0.125260 0.024219 0.020313
0 0.115234 0.327604 0.166406 0.155208
0 0.241015 0.298959 0.158593 0.135417
0 0.450664 0.265105 0.158046 0.115625
0 0.419531 0.196927 0.125000 0.056354
0 0.717461 0.173959 0.086954 0.066667
0 0.783828 0.177083 0.063594 0.062500
0 0.800938 0.161094 0.098437 0.062188
0 0.782071 0.123021 0.070391 0.043333
0 0.837266 0.116667 0.067656 0.037500
0 0.875000 0.108178 0.056250 0.026771
0 0.898539 0.111322 0.075282 0.036625
0 0.924133 0.108322 0.079969 0.046375
0 0.968340 0.109162 0.044805 0.040197
0 0.983559 0.092854 0.032883 0.014688
0 0.992090 0.083875 0.015820 0.005770
0 0.572070 0.145520 0.079297 0.049375
0 0.528008 0.152344 0.068984 0.057812
0 0.482969 0.152239 0.078438 0.064271
0 0.433984 0.151823 0.093750 0.065104
0 0.376953 0.161042 0.083594 0.063750
0 0.185547 0.172917 0.092968 0.085417
0 0.260742 0.172656 0.083203 0.071354
0 0.320821 0.168646 0.086485 0.072083
0 0.893906 0.186562 0.134063 0.071459
0 0.601172 0.232812 0.141406 0.105209
0 0.357031 0.282292 0.157812 0.120833
0 0.607149 0.187500 0.099765 0.052084
0 0.669844 0.187500 0.094687 0.068750
0 0.973359 0.103245 0.053281 0.030031
0 0.885188 0.137766 0.088921 0.035427
