0 0.941797 0.406600 0.116406 0.157719
0 0.079688 0.758389 0.118750 0.295302
0 0.203125 0.706376 0.132812 0.305369
0 0.309766 0.661633 0.124219 0.256152
0 0.418359 0.616667 0.135157 0.254363
0 0.513672 0.579419 0.150782 0.237137
0 0.604688 0.524609 0.151563 0.217003
0 0.691719 0.478188 0.158437 0.220358
0 0.794922 0.478188 0.169531 0.229306
0 0.879453 0.430872 0.152656 0.192841
0 0.424609 0.357942 0.128907 0.183445
0 0.338281 0.390939 0.117188 0.218121
0 0.142578 0.464206 0.103906 0.208054
0 0.039062 0.475951 0.078125 0.189038
0 0.762968 0.255593 0.122813 0.144295
0 0.835469 0.228188 0.128750 0.143176
0 0.897812 0.203020 0.128437 0.133110
0 0.945547 0.179642 0.108906 0.124384
0 0.974453 0.127964 0.051094 0.065772
0 0.608594 0.010627 0.057812 0.021253
0 0.535508 0.019016 0.069609 0.038031
0 0.467969 0.027405 0.076562 0.054810
0 0.386094 0.040268 0.088750 0.080537
0 0.307422 0.040268 0.080468 0.080537
0 0.236328 0.421701 0.103906 0.194631
0 0.963164 0.305034 0.073672 0.145413
0 0.682422 0.276286 0.128906 0.152125
0 0.591016 0.294743 0.116406 0.155481
0 0.512500 0.341555 0.117188 0.162528
