0 0.322017 0.749158 0.389567 0.288950
0 0.410833 0.528000 0.084000 0.055400
0 0.312233 0.555100 0.153600 0.097200
0 0.485475 0.561017 0.228384 0.093600
0 0.749291 0.800509 0.501417 0.252983
0 0.933334 0.609667 0.133333 0.204000
0 0.891750 0.591667 0.113500 0.136667
0 0.079392 0.572250 0.146317 0.097334
0 0.207700 0.586942 0.297800 0.132483
0 0.072242 0.642442 0.144483 0.040650
0 0.714033 0.511917 0.081500 0.022000
0 0.693650 0.554783 0.220566 0.078000
0 0.703842 0.631309 0.268183 0.153783
0 0.864792 0.549408 0.095050 0.084250
0 0.573592 0.536517 0.094650 0.067333
