0 0.234465 0.164810 0.068602 0.032106
0 0.246151 0.169598 0.080921 0.036214
0 0.133594 0.117383 0.043416 0.020906
0 0.128660 0.115153 0.042319 0.021565
0 0.124435 0.112960 0.040680 0.020541
0 0.118130 0.110293 0.040899 0.020321
0 0.329641 0.059653 0.017242 0.007960
0 0.352028 0.067273 0.018475 0.021930
0 0.373437 0.067931 0.022039 0.025292
0 0.393251 0.067091 0.017928 0.025658
0 0.036269 0.196301 0.072538 0.037836
0 0.059180 0.202266 0.074085 0.030818
0 0.047070 0.210665 0.094139 0.036506
0 0.036680 0.226330 0.065082 0.044591
0 0.069507 0.232899 0.073706 0.034233
0 0.065858 0.250834 0.061102 0.051155
0 0.118423 0.250877 0.117659 0.048348
0 0.043451 0.168015 0.086902 0.062391
0 0.398396 0.246663 0.088218 0.046996
0 0.411014 0.255003 0.055022 0.048809
0 0.452108 0.264627 0.119710 0.076550
0 0.497300 0.294485 0.105729 0.054115
0 0.527025 0.319422 0.111069 0.065789
0 0.566590 0.335716 0.111754 0.077763
0 0.603027 0.361411 0.104813 0.074576
0 0.948191 0.557054 0.103618 0.127120
0 0.732812 0.413524 0.183497 0.114473
0 0.603619 0.485344 0.155701 0.112647
0 0.826206 0.940059 0.347588 0.119883
0 0.709156 0.864400 0.356908 0.217105
0 0.533991 0.742325 0.343202 0.184941
0 0.457236 0.652741 0.283991 0.157968
0 0.341557 0.512207 0.250000 0.118859
0 0.324013 0.465095 0.210526 0.068056
0 0.283251 0.441155 0.207950 0.084064
0 0.195997 0.335161 0.117873 0.081140
0 0.129825 0.286330 0.140131 0.075000
0 0.803279 0.454886 0.185285 0.111893
0 0.866809 0.499521 0.200614 0.121323
0 0.237391 0.950292 0.243421 0.099415
0 0.390790 0.576082 0.260253 0.125980
0 0.240974 0.374076 0.162067 0.058063
0 0.243199 0.409609 0.189566 0.076396
0 0.718341 0.362321 0.203437 0.120694
0 0.013322 0.099616 0.023180 0.021762
0 0.046872 0.089316 0.010762 0.008793
0 0.054677 0.087979 0.019101 0.017230
0 0.294303 0.202559 0.082555 0.041783
0 0.246431 0.181374 0.076392 0.036228
0 0.096845 0.102416 0.044446 0.021674
0 0.105247 0.104372 0.035636 0.021711
0 0.082029 0.102069 0.033059 0.019883
0 0.072999 0.099342 0.033060 0.019956
0 0.080751 0.081360 0.048356 0.026681
0 0.081052 0.089065 0.024287 0.008187
0 0.151020 0.263220 0.081151 0.030796
0 0.072664 0.092910 0.017818 0.007529
0 0.112714 0.107566 0.036074 0.019152
0 0.140373 0.122222 0.052028 0.024488
0 0.167755 0.132654 0.040346 0.018523
0 0.179438 0.140705 0.062604 0.033370
0 0.188676 0.148969 0.057868 0.029898
0 0.206004 0.158337 0.059211 0.032844
0 0.213701 0.163019 0.050131 0.028524
0 0.005337 0.142288 0.010674 0.022280
