0 0.558007 0.104981 0.102453 0.084728
0 0.569589 0.124855 0.070813 0.055037
0 0.104987 0.084057 0.035536 0.027458
0 0.120979 0.074635 0.017052 0.027167
0 0.145149 0.075455 0.020921 0.025526
0 0.197185 0.088664 0.019860 0.028433
0 0.226513 0.086454 0.019994 0.029324
0 0.195255 0.084559 0.046312 0.025778
0 0.211182 0.069705 0.017542 0.022373
0 0.165318 0.076445 0.017239 0.020450
0 0.265917 0.087087 0.024406 0.023931
0 0.295596 0.085089 0.027078 0.028096
0 0.283559 0.066586 0.013651 0.021613
0 0.778942 0.004132 0.018761 0.008265
0 0.949870 0.014733 0.026240 0.029465
0 0.305344 0.063771 0.014000 0.023414
0 0.278617 0.076862 0.011026 0.031210
0 0.317656 0.086116 0.010052 0.023227
0 0.189151 0.066576 0.014438 0.010920
0 0.448385 0.241885 0.072813 0.040995
0 0.616406 0.784240 0.329688 0.431520
0 0.191172 0.361632 0.168698 0.214822
0 0.825781 0.745779 0.348437 0.485929
0 0.906510 0.630863 0.186979 0.291744
0 0.976823 0.473264 0.046354 0.074109
0 0.960677 0.409006 0.078646 0.148217
0 0.830730 0.446342 0.158333 0.159099
0 0.645052 0.503002 0.190104 0.253658
0 0.452083 0.554878 0.200000 0.239212
0 0.011198 0.520169 0.022396 0.124766
0 0.986979 0.272514 0.026042 0.070356
0 0.953906 0.237804 0.092187 0.098499
0 0.925260 0.200750 0.134896 0.110695
0 0.858854 0.197937 0.060416 0.078799
0 0.780208 0.283772 0.176042 0.162289
0 0.692447 0.305347 0.181771 0.173546
0 0.624869 0.224812 0.061719 0.046247
0 0.530026 0.226079 0.065990 0.026266
0 0.579167 0.316745 0.185417 0.171388
0 0.468490 0.340479 0.172396 0.185835
0 0.065885 0.371951 0.131771 0.229831
0 0.238411 0.275703 0.071615 0.080863
0 0.331771 0.336773 0.158334 0.225140
0 0.366406 0.256567 0.045312 0.055347
0 0.126459 0.288415 0.084167 0.086961
0 0.008542 0.238743 0.017083 0.045966
0 0.008672 0.199390 0.017344 0.071576
0 0.059193 0.228236 0.091302 0.119700
0 0.018047 0.161585 0.036094 0.034240
0 0.070938 0.156660 0.058541 0.028143
0 0.082604 0.184803 0.036979 0.033772
0 0.161276 0.182036 0.037448 0.033677
0 0.200911 0.149109 0.066511 0.065572
0 0.255156 0.149672 0.070000 0.055253
0 0.310912 0.147467 0.070781 0.055160
0 0.364427 0.129597 0.070000 0.060319
0 0.427214 0.149578 0.053907 0.042120
0 0.281979 0.169278 0.063334 0.034803
0 0.353932 0.163086 0.056719 0.029737
0 0.406641 0.122560 0.060677 0.061257
0 0.533073 0.186961 0.110938 0.081989
0 0.461641 0.197327 0.117761 0.087523
0 0.384297 0.205910 0.108906 0.089118
0 0.140443 0.211069 0.103490 0.084427
0 0.226302 0.205441 0.098438 0.090056
0 0.309192 0.200610 0.107969 0.063508
0 0.487995 0.143059 0.046198 0.032833
0 0.806771 0.077862 0.027083 0.035647
0 0.748516 0.074719 0.024115 0.034991
0 0.713542 0.071764 0.025000 0.019700
0 0.715458 0.069709 0.048500 0.030338
0 0.661487 0.065009 0.028796 0.017899
0 0.676263 0.073199 0.023494 0.019718
0 0.587042 0.060474 0.017344 0.006970
0 0.814409 0.186557 0.113140 0.082420
0 0.771351 0.173499 0.089631 0.064466
0 0.677914 0.131472 0.121172 0.103771
0 0.698018 0.159348 0.101849 0.069710
0 0.596461 0.130914 0.061692 0.054775
0 0.622794 0.129738 0.041026 0.062889
0 0.481719 0.081590 0.057354 0.033630
0 0.504088 0.100155 0.055053 0.054156
0 0.481294 0.095788 0.018432 0.016154
0 0.614823 0.076450 0.015292 0.031041
0 0.473138 0.013002 0.025078 0.026004
