0 0.952344 0.621759 0.095313 0.197222
0 0.121354 0.405556 0.136458 0.124074
0 0.173437 0.421760 0.156251 0.136111
0 0.229818 0.450463 0.157552 0.141666
0 0.300781 0.470834 0.153646 0.154629
0 0.353386 0.516204 0.148437 0.175000
0 0.438021 0.547686 0.192708 0.234259
0 0.030153 0.173690 0.060307 0.047324
0 0.020365 0.091774 0.024261 0.018435
0 0.896545 0.159986 0.027089 0.018084
0 0.942914 0.192449 0.037328 0.043528
0 0.911598 0.189916 0.033875 0.042093
0 0.902909 0.174240 0.036140 0.042981
0 0.873063 0.176597 0.033875 0.034250
0 0.824131 0.178310 0.054917 0.033268
0 0.978075 0.194375 0.035099 0.038398
0 0.966521 0.283787 0.066958 0.042537
0 0.975500 0.307454 0.049000 0.021852
0 0.953950 0.322028 0.092099 0.034889
0 0.952411 0.346583 0.095177 0.034574
0 0.945794 0.390935 0.108411 0.097833
0 0.896797 0.273977 0.081646 0.058213
0 0.524218 0.604630 0.174479 0.224074
0 0.621614 0.646297 0.171355 0.242593
0 0.726042 0.693056 0.165625 0.315741
0 0.857552 0.802777 0.201562 0.314815
0 0.869440 0.278370 0.112308 0.073074
0 0.858607 0.296144 0.109141 0.086750
0 0.847695 0.320111 0.109713 0.070926
0 0.827273 0.235250 0.061453 0.022834
0 0.784393 0.248356 0.063922 0.042991
0 0.758023 0.255667 0.092787 0.058296
0 0.838680 0.344051 0.120589 0.095416
0 0.802503 0.340348 0.099015 0.056417
0 0.748829 0.269444 0.095573 0.068519
0 0.729141 0.291667 0.100052 0.051852
0 0.653568 0.249630 0.087344 0.064074
0 0.716355 0.317547 0.094271 0.077685
0 0.960677 0.861111 0.078646 0.277778
0 0.773958 0.383796 0.070833 0.087963
0 0.675026 0.312037 0.063490 0.046296
0 0.691953 0.232083 0.046302 0.030833
0 0.670120 0.241051 0.063490 0.046454
0 0.636875 0.266203 0.073126 0.039815
0 0.614688 0.274537 0.096875 0.047222
0 0.563021 0.237963 0.078125 0.037037
0 0.535390 0.251852 0.063385 0.027778
0 0.583828 0.286574 0.082344 0.043518
0 0.521146 0.260648 0.052500 0.023148
0 0.493750 0.266713 0.044792 0.018612
0 0.988802 0.444445 0.022396 0.103703
0 0.926823 0.413426 0.074480 0.095370
0 0.907291 0.497685 0.185417 0.125000
0 0.837240 0.406018 0.092187 0.126851
0 0.709375 0.340741 0.078125 0.057407
0 0.708333 0.418982 0.169792 0.150925
0 0.627865 0.349074 0.079687 0.101852
0 0.563281 0.337500 0.090104 0.095370
0 0.507812 0.319908 0.095833 0.095371
0 0.456953 0.308334 0.082656 0.087037
0 0.410416 0.307870 0.064583 0.075000
0 0.254088 0.331712 0.101927 0.050463
0 0.306172 0.356019 0.113386 0.071297
0 0.348959 0.368055 0.085417 0.054629
0 0.421224 0.391667 0.117448 0.092593
0 0.484219 0.410648 0.109062 0.073148
0 0.565886 0.446296 0.107813 0.107407
0 0.640885 0.485185 0.104687 0.103704
0 0.726562 0.512500 0.120833 0.097222
0 0.843490 0.571296 0.115105 0.164815
