0 0.533854 0.367494 0.086458 0.124900
0 0.201563 0.827062 0.137847 0.228983
0 0.268403 0.887510 0.125694 0.204164
0 0.439410 0.759808 0.139931 0.230584
0 0.507986 0.831465 0.125694 0.224980
0 0.862673 0.983587 0.059375 0.032826
0 0.762674 0.951962 0.098264 0.096077
0 0.427430 0.959568 0.103473 0.080865
0 0.574479 0.890713 0.116320 0.218575
0 0.020139 0.526021 0.040278 0.062450
0 0.091145 0.445156 0.112153 0.145716
0 0.002083 0.481986 0.004167 0.032025
0 0.058334 0.403923 0.116667 0.138511
0 0.032292 0.341073 0.064583 0.100880
0 0.010070 0.306646 0.020139 0.028823
0 0.132639 0.481585 0.103472 0.125701
0 0.174653 0.516814 0.115278 0.154523
0 0.257292 0.616092 0.111111 0.191353
0 0.327604 0.659327 0.110764 0.176941
0 0.037673 0.062450 0.075347 0.080064
0 0.068229 0.088471 0.076042 0.071257
0 0.086458 0.112490 0.075000 0.087270
0 0.121007 0.130104 0.084375 0.085668
0 0.182327 0.148919 0.083055 0.118495
0 0.147899 0.140912 0.053854 0.076861
0 0.219792 0.187750 0.077778 0.088871
0 0.264757 0.206965 0.082986 0.087269
0 0.297049 0.232986 0.086459 0.092875
0 0.380729 0.281826 0.088542 0.105685
0 0.428646 0.304644 0.086458 0.109688
0 0.475348 0.334267 0.088889 0.112891
0 0.140625 0.787430 0.140972 0.189752
0 0.146528 0.019215 0.034722 0.038431
0 0.177951 0.030024 0.050347 0.060048
0 0.217535 0.038031 0.067014 0.076061
0 0.239757 0.053363 0.055902 0.079503
0 0.276441 0.055120 0.076354 0.109824
0 0.315625 0.075660 0.073612 0.104883
0 0.349479 0.102882 0.070486 0.093675
0 0.385938 0.122898 0.064931 0.090473
0 0.431944 0.138511 0.075000 0.099280
0 0.601736 0.226181 0.072916 0.120896
0 0.650868 0.251321 0.078125 0.118334
0 0.513368 0.184147 0.073264 0.107286
0 0.555903 0.205365 0.077778 0.111289
0 0.710591 0.280624 0.074653 0.127301
0 0.760938 0.307446 0.073959 0.132906
0 0.821875 0.337070 0.081250 0.136109
0 0.885434 0.371578 0.073646 0.139151
0 0.953993 0.404724 0.072570 0.151321
0 0.996528 0.477182 0.006944 0.049640
0 0.509548 0.012810 0.039931 0.025620
0 0.547395 0.020417 0.044097 0.040833
0 0.588542 0.027222 0.047222 0.054444
0 0.633854 0.035629 0.062847 0.071257
0 0.676215 0.044035 0.058681 0.088070
0 0.715625 0.061249 0.052084 0.096878
0 0.713889 0.011209 0.037500 0.022418
0 0.753472 0.028422 0.045139 0.056845
0 0.805034 0.034027 0.055903 0.068054
0 0.847743 0.040032 0.054514 0.080064
0 0.856197 0.125700 0.058229 0.089671
0 0.896875 0.057646 0.054862 0.097678
0 0.914409 0.131025 0.056597 0.125460
0 0.948107 0.074459 0.050313 0.097679
0 0.969791 0.155724 0.054167 0.114491
0 0.987673 0.090472 0.024653 0.108887
0 0.998437 0.192955 0.003125 0.025621
0 0.037153 0.599680 0.074306 0.112090
0 0.061632 0.658127 0.123264 0.184147
0 0.108507 0.697758 0.125348 0.168935
