0 0.399803 0.546479 0.131631 0.110798
0 0.319581 0.464319 0.082514 0.081690
0 0.755403 0.717840 0.241650 0.198122
0 0.326130 0.780751 0.286837 0.246948
0 0.856909 0.657747 0.248200 0.166197
0 0.521938 0.529108 0.121807 0.106104
0 0.619865 0.358691 0.023569 0.016723
0 0.901768 0.611737 0.196464 0.145540
0 0.069745 0.830516 0.139489 0.301409
0 0.737394 0.512207 0.133595 0.098591
0 0.636215 0.521597 0.132940 0.100469
0 0.417158 0.455399 0.094302 0.069484
0 0.518664 0.452113 0.091683 0.066667
0 0.604780 0.445540 0.098887 0.051644
0 0.615914 0.420658 0.076621 0.039437
0 0.687623 0.446479 0.092993 0.053521
0 0.797643 0.438968 0.092993 0.057277
0 0.820890 0.505634 0.121153 0.081690
0 0.894891 0.506573 0.108055 0.076056
0 0.947937 0.494366 0.104126 0.076056
0 0.977079 0.466666 0.045842 0.039437
0 0.671906 0.407981 0.077276 0.036620
0 0.723674 0.421596 0.064112 0.048826
0 0.770039 0.404225 0.073936 0.032864
0 0.804846 0.405164 0.036674 0.032864
0 0.869352 0.427230 0.091028 0.048826
0 0.935789 0.429108 0.091748 0.046948
0 0.839195 0.396714 0.060969 0.025352
0 0.014735 0.384038 0.029470 0.039437
0 0.016143 0.364320 0.032286 0.026291
0 0.037656 0.433803 0.075311 0.073240
0 0.088304 0.424315 0.125475 0.070827
0 0.060209 0.378057 0.077891 0.030423
0 0.165497 0.417319 0.120923 0.071915
0 0.133596 0.371583 0.057433 0.023465
0 0.200789 0.372385 0.083190 0.030854
0 0.233141 0.414432 0.099103 0.057578
0 0.218095 0.351201 0.040459 0.016075
0 0.259568 0.379056 0.078192 0.043014
0 0.316303 0.409432 0.108743 0.051108
0 0.274535 0.362774 0.065638 0.029869
0 0.333775 0.371671 0.073340 0.028676
0 0.343851 0.358525 0.054709 0.026291
0 0.386378 0.401878 0.102161 0.043192
0 0.393026 0.370892 0.060053 0.022536
0 0.443385 0.400000 0.073281 0.046948
0 0.400688 0.355399 0.046038 0.029108
0 0.449804 0.364789 0.052979 0.023474
0 0.486729 0.394220 0.090917 0.047803
0 0.444931 0.351038 0.043694 0.013943
0 0.525432 0.394127 0.068572 0.042188
0 0.556611 0.389765 0.078802 0.040920
0 0.593703 0.383207 0.070315 0.035202
0 0.526617 0.346780 0.041565 0.016451
0 0.541405 0.361305 0.037885 0.017352
0 0.571962 0.355267 0.061317 0.029577
0 0.637010 0.380775 0.059483 0.034075
0 0.644197 0.352737 0.032155 0.023390
0 0.666988 0.376892 0.068998 0.034592
0 0.081532 0.587324 0.163065 0.138028
0 0.265881 0.567136 0.119188 0.129578
0 0.599214 0.765258 0.258022 0.272300
