0 0.958045 0.091992 0.083910 0.107824
0 0.035500 0.315716 0.071000 0.263841
0 0.012500 0.176294 0.025000 0.019505
0 0.466250 0.915604 0.232500 0.168792
0 0.075250 0.984621 0.150500 0.030758
0 0.076000 0.868717 0.152000 0.217554
0 0.069500 0.744561 0.139000 0.219805
0 0.046750 0.603151 0.093500 0.079520
0 0.060250 0.548012 0.120500 0.197300
0 0.027250 0.438484 0.054500 0.027757
0 0.014500 0.401350 0.029000 0.048012
0 0.007250 0.159415 0.014500 0.020255
0 0.004250 0.142160 0.008500 0.014253
0 0.392250 0.833458 0.205500 0.244561
0 0.366000 0.686797 0.197000 0.276819
0 0.294750 0.622281 0.132500 0.197299
0 0.279007 0.565904 0.157185 0.205416
0 0.242715 0.522742 0.131680 0.191666
0 0.149322 0.387723 0.029735 0.137847
0 0.217328 0.494115 0.113025 0.159167
0 0.215785 0.416343 0.130440 0.207464
0 0.158280 0.336511 0.109440 0.145641
0 0.175093 0.246279 0.101595 0.131252
0 0.115683 0.255803 0.032095 0.103008
0 0.118842 0.241700 0.039055 0.116947
0 0.098223 0.238530 0.040495 0.100330
0 0.984005 0.219418 0.031990 0.064239
0 0.952562 0.284201 0.094875 0.118814
0 0.986603 0.147168 0.026795 0.084824
0 0.988835 0.100638 0.022330 0.049137
0 0.981712 0.112997 0.036575 0.089760
0 0.917453 0.103406 0.025765 0.071418
0 0.912083 0.092247 0.038815 0.081988
0 0.920965 0.075334 0.070020 0.076384
0 0.894857 0.057619 0.103885 0.078777
0 0.867750 0.043972 0.059470 0.053391
0 0.849398 0.031560 0.078255 0.035649
0 0.900095 0.248129 0.082940 0.068139
0 0.918033 0.183639 0.070485 0.079069
0 0.849695 0.203661 0.097170 0.096714
0 0.857372 0.136955 0.084355 0.076159
0 0.807500 0.099396 0.077240 0.106399
0 0.765413 0.073360 0.064945 0.083781
0 0.610085 0.014738 0.013450 0.029475
0 0.661957 0.032884 0.059125 0.065769
0 0.627007 0.015300 0.032365 0.030600
0 0.714948 0.128072 0.071985 0.095994
0 0.641970 0.070443 0.067810 0.091283
0 0.606325 0.039268 0.014680 0.016241
0 0.577873 0.028556 0.059545 0.037892
0 0.547345 0.025128 0.053910 0.050255
0 0.517613 0.024303 0.024475 0.048605
0 0.497912 0.015679 0.022395 0.031358
0 0.473935 0.005488 0.031270 0.010975
0 0.394408 0.018601 0.028475 0.037202
0 0.429910 0.023582 0.053860 0.047164
0 0.451055 0.032697 0.049390 0.062348
0 0.474850 0.048451 0.069440 0.080322
0 0.511833 0.088327 0.066935 0.078590
0 0.599735 0.095671 0.120780 0.153219
0 0.677445 0.164040 0.087490 0.096767
0 0.704813 0.209524 0.083355 0.089355
0 0.722545 0.248065 0.055360 0.096745
0 0.790013 0.275559 0.085845 0.087172
0 0.826670 0.300593 0.084950 0.085791
0 0.868300 0.330735 0.104720 0.100585
0 0.928848 0.369884 0.114215 0.116107
0 0.946978 0.401204 0.069155 0.093196
0 0.980073 0.400945 0.039855 0.125536
0 0.278143 0.016962 0.021135 0.033923
0 0.298660 0.022547 0.021320 0.045094
0 0.318895 0.031133 0.030870 0.062266
0 0.350235 0.035259 0.065080 0.070518
0 0.368455 0.061174 0.072260 0.096992
0 0.407528 0.091125 0.064645 0.082431
0 0.439933 0.078770 0.073155 0.030608
0 0.418978 0.130900 0.062295 0.082190
0 0.451145 0.139265 0.067080 0.092288
0 0.469313 0.155146 0.083445 0.104606
0 0.480498 0.179497 0.071455 0.103046
0 0.509543 0.198593 0.083485 0.111441
0 0.520570 0.230112 0.072570 0.102131
0 0.582658 0.243357 0.095365 0.132010
0 0.610445 0.271489 0.091820 0.127494
0 0.654520 0.309606 0.114980 0.139228
0 0.673190 0.357321 0.100360 0.123901
0 0.738023 0.389599 0.120575 0.151875
0 0.784672 0.421766 0.137805 0.168019
0 0.855095 0.477149 0.144530 0.159130
0 0.929092 0.536245 0.141815 0.178402
0 0.101642 0.023076 0.012005 0.046152
0 0.112263 0.028297 0.017925 0.056594
0 0.155683 0.051797 0.057195 0.088019
0 0.173767 0.061279 0.064575 0.097817
0 0.186370 0.088804 0.063020 0.097967
0 0.192000 0.117667 0.032270 0.085146
0 0.212640 0.126091 0.038150 0.124637
0 0.240858 0.136167 0.079785 0.141591
0 0.267622 0.154366 0.095595 0.080570
0 0.248808 0.229629 0.078565 0.105004
0 0.265698 0.249625 0.049785 0.112318
0 0.322775 0.265191 0.107550 0.143286
0 0.336785 0.325484 0.089920 0.129152
0 0.378470 0.369524 0.116730 0.131935
0 0.373130 0.432037 0.064470 0.143713
0 0.458700 0.448987 0.149400 0.192798
0 0.465350 0.517254 0.121700 0.156789
0 0.598225 0.568267 0.182450 0.261816
0 0.610250 0.665416 0.153500 0.205551
0 0.680750 0.743061 0.185500 0.231808
0 0.826750 0.886346 0.205500 0.227307
0 0.930500 0.985747 0.139000 0.028507
0 0.033458 0.033061 0.064475 0.066122
0 0.049668 0.056845 0.057465 0.077937
0 0.035667 0.083105 0.021885 0.086827
0 0.066260 0.085589 0.068620 0.104396
0 0.067348 0.099197 0.062205 0.092048
0 0.049372 0.126347 0.015545 0.029377
0 0.103790 0.161880 0.104730 0.211635
0 0.048098 0.154434 0.015965 0.057075
