0 0.399204 0.649679 0.053309 0.103765
0 0.186121 0.502066 0.089155 0.093205
0 0.261642 0.502066 0.070466 0.095042
0 0.243872 0.432737 0.056985 0.068411
0 0.517891 0.100810 0.030929 0.016727
0 0.522029 0.106649 0.026869 0.021029
0 0.528803 0.109670 0.027457 0.017245
0 0.532317 0.112897 0.028015 0.016198
0 0.535643 0.118051 0.031005 0.016598
0 0.536691 0.125317 0.031280 0.017768
0 0.547018 0.130501 0.045469 0.021487
0 0.550698 0.140046 0.041053 0.023324
0 0.560067 0.145952 0.044608 0.021079
0 0.566988 0.155202 0.050668 0.023618
0 0.571398 0.164279 0.042745 0.027006
0 0.583375 0.172482 0.043888 0.026304
0 0.596362 0.181882 0.054066 0.028338
0 0.542585 0.482094 0.041667 0.093664
0 0.647212 0.483471 0.048100 0.078972
0 0.376072 0.489807 0.047488 0.080074
0 0.429228 0.474289 0.046568 0.095501
0 0.488051 0.485537 0.040441 0.082186
0 0.699142 0.487374 0.054534 0.080349
0 0.319241 0.488406 0.061887 0.110147
0 0.755667 0.487374 0.068321 0.095041
0 0.297733 0.433425 0.051348 0.060606
0 0.347580 0.432736 0.041238 0.061065
0 0.393995 0.430211 0.042280 0.060606
0 0.443949 0.430211 0.038082 0.058770
0 0.491866 0.427916 0.040166 0.058769
0 0.593444 0.483471 0.045343 0.079890
0 0.539430 0.419307 0.037194 0.052571
0 0.584008 0.423187 0.041789 0.057575
0 0.626226 0.426308 0.041667 0.059229
0 0.673177 0.425872 0.051318 0.058265
0 0.719669 0.419651 0.050858 0.056014
0 0.783839 0.446511 0.075092 0.083103
0 0.320925 0.353306 0.043199 0.055556
0 0.331649 0.318365 0.031127 0.043527
0 0.368413 0.348255 0.032782 0.061065
0 0.409850 0.351928 0.036550 0.060147
0 0.451440 0.345271 0.030944 0.057852
0 0.496447 0.346878 0.037745 0.058310
0 0.543214 0.335652 0.043474 0.063406
0 0.586796 0.334803 0.046753 0.054913
0 0.621323 0.327526 0.048407 0.053857
0 0.658440 0.320271 0.049111 0.050918
0 0.370328 0.308701 0.030545 0.030900
0 0.419118 0.256657 0.028186 0.044077
0 0.382046 0.256657 0.027573 0.044995
0 0.406189 0.309757 0.030760 0.041644
0 0.442954 0.308425 0.033333 0.043388
0 0.477865 0.309458 0.032506 0.043159
0 0.513067 0.305028 0.034712 0.039623
0 0.550652 0.300514 0.046569 0.038430
0 0.585662 0.293159 0.043315 0.039164
0 0.617273 0.288996 0.042880 0.037819
0 0.450999 0.254236 0.029602 0.046121
0 0.439175 0.231907 0.027647 0.033971
0 0.468585 0.229637 0.026281 0.032360
0 0.481139 0.254530 0.031265 0.042897
0 0.497841 0.228108 0.033649 0.038127
0 0.511993 0.251951 0.030132 0.040937
0 0.524722 0.226182 0.026967 0.033678
0 0.542062 0.246389 0.034682 0.042750
0 0.551345 0.218352 0.031556 0.023572
0 0.569134 0.243694 0.038337 0.041116
0 0.412370 0.234142 0.026008 0.035501
0 0.411547 0.194824 0.022236 0.034945
0 0.437412 0.194504 0.023245 0.034729
0 0.464583 0.191013 0.022310 0.035129
0 0.493312 0.190838 0.026526 0.032852
0 0.516342 0.189553 0.025306 0.033099
0 0.414417 0.174006 0.024375 0.026046
0 0.437792 0.173007 0.021841 0.022259
0 0.462133 0.171945 0.022855 0.023715
0 0.483117 0.173251 0.021179 0.026584
0 0.507751 0.171311 0.023376 0.026947
0 0.439470 0.148260 0.043634 0.025152
0 0.485838 0.148186 0.046222 0.025005
0 0.447235 0.129720 0.017926 0.020872
0 0.467684 0.130310 0.015374 0.024284
0 0.486915 0.127690 0.016538 0.020045
0 0.454238 0.118958 0.014121 0.019890
0 0.469249 0.109194 0.016207 0.015634
0 0.476636 0.121644 0.016728 0.021616
0 0.482990 0.090717 0.016973 0.032911
0 0.993107 0.480648 0.013787 0.033195
0 0.972886 0.450643 0.054228 0.061984
0 0.954044 0.420340 0.091912 0.057392
0 0.920052 0.391414 0.074172 0.047291
0 0.880224 0.370982 0.083854 0.051423
0 0.849847 0.343664 0.085110 0.059228
0 0.604768 0.192339 0.048303 0.031667
0 0.617616 0.199013 0.046446 0.029890
0 0.633168 0.213678 0.058290 0.034940
0 0.654220 0.220847 0.049458 0.032888
0 0.667705 0.231822 0.045784 0.038485
0 0.816345 0.324151 0.060998 0.039485
0 0.690763 0.241965 0.055546 0.037650
0 0.707537 0.250918 0.052941 0.039027
0 0.725567 0.263315 0.056526 0.040864
0 0.746308 0.278925 0.055116 0.034435
0 0.769837 0.295914 0.070925 0.042700
0 0.797181 0.309458 0.060662 0.039486
0 0.509972 0.097900 0.025147 0.018315
0 0.061581 0.810836 0.123162 0.171717
0 0.010876 0.501607 0.021752 0.043618
0 0.026961 0.461203 0.053922 0.059228
0 0.041973 0.431359 0.080270 0.052800
0 0.068489 0.405647 0.091207 0.053719
0 0.100490 0.382232 0.080882 0.051883
0 0.126180 0.360928 0.079136 0.050597
0 0.150199 0.339072 0.074602 0.042699
0 0.179212 0.323003 0.060079 0.044536
0 0.192417 0.303650 0.058854 0.042562
0 0.209612 0.290581 0.065831 0.042052
0 0.220075 0.276837 0.079960 0.039807
0 0.241094 0.255023 0.065411 0.044260
0 0.262270 0.247362 0.051158 0.032989
0 0.270953 0.237842 0.055846 0.029834
0 0.277033 0.225625 0.060126 0.025959
0 0.288508 0.215087 0.053726 0.025409
0 0.307966 0.197888 0.059559 0.032140
0 0.323238 0.185376 0.058180 0.031175
0 0.339599 0.174013 0.040165 0.023875
0 0.343229 0.160239 0.054718 0.033976
0 0.370985 0.163616 0.008324 0.014504
0 0.376335 0.136779 0.040101 0.023972
0 0.385400 0.130103 0.037773 0.020767
0 0.390741 0.124095 0.032421 0.017511
0 0.394338 0.119628 0.033450 0.018384
0 0.401691 0.115870 0.032476 0.017718
0 0.406006 0.110984 0.031455 0.017103
0 0.412117 0.107828 0.029424 0.017511
0 0.414087 0.098563 0.015416 0.012626
0 0.433670 0.098255 0.016851 0.020202
0 0.452460 0.097627 0.019498 0.021377
0 0.138481 0.804959 0.119485 0.165105
0 0.211704 0.806244 0.105393 0.168044
0 0.297794 0.785124 0.093138 0.157024
0 0.377757 0.777548 0.083946 0.160239
0 0.451440 0.788568 0.064644 0.155647
0 0.546569 0.774334 0.061887 0.153811
0 0.631893 0.781910 0.068934 0.163452
0 0.720435 0.773416 0.082414 0.189624
0 0.799019 0.765610 0.091299 0.169421
0 0.877911 0.772957 0.097121 0.159320
0 0.957261 0.795454 0.085478 0.185033
0 0.129136 0.668044 0.105086 0.123048
0 0.195619 0.674013 0.086090 0.112030
0 0.268230 0.672405 0.081189 0.128099
0 0.337009 0.654500 0.063113 0.106061
0 0.464645 0.652203 0.052329 0.107897
0 0.541759 0.644858 0.055209 0.104224
0 0.610448 0.653352 0.067095 0.114784
0 0.687500 0.654041 0.060662 0.085859
0 0.759651 0.643022 0.076899 0.100551
0 0.832568 0.647153 0.081189 0.101469
0 0.905944 0.658173 0.091299 0.108815
