0 0.443109 0.425330 0.095027 0.066180
0 0.881471 0.934500 0.237059 0.131000
0 0.336459 0.809000 0.174794 0.130000
0 0.329707 0.569000 0.240811 0.200000
0 0.033758 0.480000 0.067517 0.086000
0 0.084021 0.457500 0.088522 0.067000
0 0.142011 0.431850 0.116579 0.076300
0 0.151950 0.389850 0.086347 0.033700
0 0.202176 0.384500 0.093773 0.053000
0 0.260690 0.370500 0.075769 0.053000
0 0.270165 0.339110 0.048012 0.009900
0 0.294381 0.479725 0.083060 0.049450
0 0.372262 0.456400 0.120022 0.071880
0 0.407821 0.442495 0.086339 0.060750
0 0.489407 0.406630 0.054193 0.028860
0 0.470345 0.547450 0.141350 0.119740
0 0.505346 0.516995 0.162033 0.101010
0 0.514141 0.471000 0.127006 0.060000
0 0.555926 0.448500 0.133459 0.095000
0 0.711553 0.438500 0.072768 0.081000
0 0.916354 0.787000 0.167292 0.182000
0 0.909228 0.654500 0.181545 0.127000
0 0.902475 0.569000 0.195049 0.096000
0 0.892348 0.527000 0.215304 0.080000
0 0.419767 0.372500 0.050337 0.047000
0 0.408968 0.356010 0.024299 0.023900
0 0.396962 0.339160 0.039010 0.013000
0 0.482595 0.352850 0.056939 0.029100
0 0.523196 0.358560 0.048162 0.029900
0 0.773848 0.362020 0.060825 0.036080
0 0.818597 0.356715 0.078754 0.036870
0 0.819944 0.343395 0.086204 0.031250
0 0.957232 0.359615 0.085536 0.044990
0 0.993248 0.296500 0.013503 0.033000
0 0.990997 0.278000 0.018005 0.022000
0 0.980315 0.271755 0.021230 0.023590
0 0.957284 0.279605 0.026932 0.024710
0 0.902153 0.272350 0.012828 0.018900
0 0.922859 0.270470 0.015079 0.015400
0 0.906579 0.261720 0.014178 0.015900
0 0.930495 0.256480 0.015829 0.015900
0 0.935169 0.274260 0.015754 0.018100
0 0.923016 0.262390 0.015304 0.013100
