0 0.626640 0.327604 0.084219 0.057292
0 0.278125 0.639063 0.215624 0.321875
0 0.058985 0.730730 0.117969 0.365625
0 0.113281 0.947917 0.226562 0.104167
0 0.455468 0.883854 0.428125 0.232292
0 0.672656 0.822917 0.439063 0.354167
0 0.133203 0.404167 0.127344 0.150000
0 0.014844 0.369792 0.029687 0.122917
0 0.071484 0.299479 0.110156 0.082292
0 0.141797 0.302604 0.074218 0.053125
0 0.183594 0.353646 0.070312 0.086458
0 0.196875 0.297396 0.075000 0.057292
0 0.254688 0.327083 0.071875 0.056250
0 0.248047 0.396354 0.111718 0.098958
0 0.327344 0.383333 0.107812 0.091667
0 0.254687 0.295312 0.065625 0.042709
0 0.320312 0.313542 0.068749 0.050000
0 0.304805 0.284375 0.070078 0.033334
0 0.358203 0.283021 0.055468 0.028542
0 0.372656 0.307031 0.056250 0.032812
0 0.387891 0.363542 0.097657 0.081250
0 0.442969 0.358333 0.085938 0.072917
0 0.424609 0.311458 0.053906 0.027083
0 0.400781 0.283750 0.068750 0.036250
0 0.434766 0.278125 0.046094 0.029166
0 0.468750 0.298959 0.062500 0.035417
0 0.473047 0.278646 0.065156 0.032292
0 0.513164 0.303125 0.036172 0.018750
0 0.542656 0.274041 0.057406 0.024021
0 0.576680 0.277666 0.044063 0.021937
0 0.591645 0.277234 0.046789 0.026948
0 0.600461 0.292698 0.036156 0.012958
0 0.492188 0.350000 0.081251 0.068750
0 0.531172 0.342708 0.087656 0.062500
0 0.569921 0.335417 0.080469 0.060417
0 0.538672 0.295312 0.052344 0.032291
0 0.497695 0.279115 0.031641 0.027396
0 0.606356 0.274037 0.052617 0.028865
0 0.621000 0.272745 0.052875 0.031448
0 0.649383 0.273344 0.047438 0.028854
0 0.682848 0.270786 0.042227 0.027219
0 0.706930 0.267980 0.033156 0.029083
0 0.572812 0.297917 0.037187 0.025000
0 0.659102 0.321042 0.083359 0.053750
0 0.682902 0.315250 0.075992 0.049624
0 0.708301 0.314021 0.046414 0.042646
0 0.724926 0.312792 0.062242 0.040729
0 0.738930 0.309292 0.059781 0.038104
0 0.756347 0.303568 0.071211 0.039594
0 0.783648 0.303219 0.038125 0.030625
0 0.439453 0.565104 0.182031 0.223958
0 0.745313 0.270313 0.021875 0.019791
0 0.774609 0.270833 0.025781 0.025000
0 0.803907 0.276041 0.023437 0.020833
0 0.833203 0.276041 0.025782 0.027083
0 0.860546 0.280208 0.024219 0.027083
0 0.890625 0.281771 0.025000 0.030208
0 0.929688 0.289062 0.029687 0.028125
0 0.961328 0.293229 0.027344 0.026042
0 0.539062 0.496354 0.190625 0.180208
0 0.623047 0.457812 0.185156 0.161459
0 0.708985 0.438021 0.130469 0.090625
0 0.737109 0.426563 0.117969 0.105209
0 0.766797 0.394792 0.116406 0.077083
0 0.823828 0.381250 0.086719 0.047916
0 0.817187 0.367188 0.121875 0.069791
0 0.861953 0.363906 0.116718 0.078438
0 0.896211 0.353125 0.050360 0.049146
0 0.899656 0.350907 0.082484 0.051479
0 0.902621 0.342990 0.083024 0.047167
0 0.905593 0.339208 0.102063 0.050396
0 0.803125 0.747916 0.393750 0.297917
0 0.839844 0.605209 0.320312 0.245833
0 0.925000 0.555729 0.150000 0.119792
0 0.896485 0.476562 0.207031 0.142709
0 0.958594 0.447917 0.082812 0.062500
0 0.950821 0.417709 0.098359 0.027083
0 0.942578 0.397396 0.114844 0.036458
0 0.966680 0.381771 0.066641 0.023958
0 0.991797 0.370312 0.016406 0.011459
