0 0.013354 0.010791 0.026708 0.021582
0 0.880737 0.059950 0.103725 0.119900
0 0.622708 0.008904 0.036200 0.017808
0 0.756229 0.022510 0.071142 0.045019
0 0.782883 0.074620 0.128317 0.121768
0 0.672246 0.050815 0.129958 0.101631
0 0.568866 0.048798 0.121767 0.095878
0 0.473100 0.036644 0.137216 0.073288
0 0.378925 0.013898 0.058716 0.027796
0 0.260408 0.025267 0.036867 0.050535
0 0.306746 0.044950 0.093658 0.089900
0 0.977666 0.159277 0.044667 0.105729
0 0.376700 0.066432 0.102834 0.081358
0 0.362359 0.117316 0.101467 0.116052
0 0.957921 0.068780 0.084158 0.078033
0 0.922379 0.116245 0.129742 0.076600
0 0.444638 0.171202 0.122691 0.135181
0 0.505541 0.260897 0.143917 0.155666
0 0.679167 0.892902 0.293333 0.214197
0 0.890834 0.781444 0.218333 0.320049
0 0.592500 0.689912 0.261666 0.306351
0 0.214166 0.679327 0.258333 0.359901
0 0.156250 0.410959 0.185834 0.246576
0 0.105833 0.285803 0.160000 0.200498
0 0.084166 0.194271 0.116667 0.122043
0 0.052083 0.135119 0.104167 0.150685
0 0.037500 0.046077 0.075000 0.059776
0 0.062083 0.042341 0.077500 0.084682
0 0.449583 0.486924 0.197500 0.291408
0 0.698333 0.514944 0.208333 0.212952
0 0.563750 0.359901 0.174166 0.171855
0 0.331250 0.346824 0.159166 0.202989
0 0.288750 0.263387 0.140834 0.145704
0 0.264116 0.204856 0.130133 0.163487
0 0.244966 0.146351 0.104067 0.122092
0 0.222417 0.115150 0.105733 0.126911
0 0.197437 0.056021 0.097825 0.112042
0 0.140462 0.039041 0.036441 0.078082
0 0.116054 0.017976 0.029008 0.035953
