0 0.912876 0.013994 0.084482 0.027988
0 0.312500 0.896972 0.310546 0.206055
0 0.632812 0.893555 0.357421 0.212891
0 0.895508 0.892090 0.208984 0.215820
0 0.023438 0.768995 0.046875 0.110449
0 0.094990 0.692969 0.189980 0.140313
0 0.111782 0.565391 0.223564 0.122793
0 0.156865 0.642637 0.313730 0.154063
0 0.060547 0.912597 0.121094 0.174805
0 0.190024 0.769170 0.272509 0.198184
0 0.474780 0.736734 0.298701 0.172763
0 0.781508 0.752725 0.324873 0.202481
0 0.959472 0.682129 0.081055 0.112304
0 0.496582 0.611328 0.471680 0.156250
0 0.817481 0.567871 0.253711 0.186524
0 0.112793 0.522949 0.225586 0.143555
0 0.463672 0.526513 0.392188 0.103809
0 0.024414 0.431543 0.048828 0.052540
0 0.693847 0.513672 0.174805 0.150390
0 0.915869 0.496582 0.168262 0.149414
0 0.391211 0.516440 0.400860 0.163975
0 0.571416 0.438179 0.228378 0.143994
0 0.829346 0.418945 0.230957 0.111328
0 0.948242 0.385742 0.103516 0.072266
0 0.924951 0.342773 0.150098 0.062500
0 0.894043 0.327149 0.211914 0.072265
0 0.827588 0.339844 0.209864 0.089844
0 0.828614 0.316406 0.342773 0.138672
0 0.711914 0.301758 0.236328 0.105469
0 0.224717 0.438032 0.254219 0.038272
0 0.153662 0.421362 0.245156 0.062256
0 0.171694 0.388359 0.343389 0.077031
0 0.149824 0.360303 0.299648 0.055742
0 0.135112 0.334365 0.270225 0.074316
0 0.085639 0.300732 0.171279 0.058359
0 0.042412 0.280796 0.084824 0.032432
0 0.644726 0.289062 0.266015 0.107421
0 0.649415 0.253418 0.310547 0.098632
0 0.568017 0.245605 0.245411 0.100586
0 0.014238 0.146240 0.028477 0.078418
0 0.493619 0.242236 0.151279 0.081933
0 0.495869 0.218921 0.258184 0.103134
0 0.438906 0.202534 0.211602 0.087412
0 0.088028 0.140835 0.107149 0.085870
0 0.379194 0.200048 0.135479 0.073789
0 0.410855 0.178945 0.248643 0.084902
0 0.345806 0.169873 0.179424 0.071464
0 0.317271 0.162955 0.194659 0.073701
0 0.485517 0.118984 0.313535 0.101933
0 0.702670 0.176899 0.225283 0.056905
0 0.786089 0.199160 0.142060 0.032520
0 0.819379 0.204385 0.120381 0.031348
0 0.857891 0.218511 0.161797 0.058838
0 0.915591 0.220058 0.168818 0.054961
0 0.980835 0.240542 0.038330 0.030206
0 0.967422 0.155737 0.056992 0.082256
0 0.198721 0.145605 0.084668 0.073653
0 0.311601 0.121391 0.087089 0.064639
0 0.925650 0.108701 0.087901 0.052148
0 0.044483 0.130069 0.070429 0.067735
0 0.023584 0.100044 0.047168 0.034776
0 0.006792 0.069248 0.013584 0.027442
0 0.046338 0.055621 0.082696 0.030049
0 0.026391 0.046377 0.052783 0.026132
0 0.032876 0.024898 0.065752 0.030987
0 0.013091 0.011035 0.026182 0.016328
0 0.087115 0.042407 0.066455 0.030986
0 0.110893 0.023823 0.073701 0.030244
0 0.083506 0.077115 0.150000 0.040967
0 0.105069 0.090708 0.084453 0.036514
0 0.163872 0.124985 0.089600 0.063389
0 0.145102 0.051797 0.072491 0.025820
0 0.167812 0.069302 0.066269 0.024111
0 0.204453 0.091386 0.092246 0.040605
0 0.254659 0.127539 0.048379 0.049278
0 0.171812 0.035464 0.076533 0.041064
0 0.212324 0.056153 0.057402 0.034375
0 0.261943 0.062534 0.086953 0.042783
0 0.292207 0.085097 0.112558 0.032851
0 0.295942 0.090127 0.084580 0.026036
0 0.459502 0.015825 0.092422 0.031650
0 0.200591 0.020488 0.069814 0.035840
0 0.259487 0.037944 0.084189 0.038643
0 0.275782 0.019853 0.045547 0.036407
0 0.313804 0.009507 0.035088 0.019014
0 0.339604 0.043169 0.095205 0.060478
0 0.371748 0.013017 0.083262 0.026035
0 0.369995 0.087446 0.044052 0.025010
0 0.419087 0.028755 0.079034 0.039522
0 0.420967 0.052945 0.086016 0.043819
0 0.579716 0.021153 0.086387 0.034707
0 0.479678 0.054234 0.101328 0.037159
0 0.502480 0.021406 0.079805 0.029766
0 0.524419 0.043159 0.075654 0.036416
0 0.563125 0.055210 0.082696 0.029912
0 0.581641 0.063101 0.084668 0.013173
0 0.654902 0.092168 0.110625 0.082968
0 0.609741 0.037871 0.073975 0.029140
0 0.647617 0.046533 0.078281 0.017578
0 0.692690 0.036977 0.078487 0.031827
0 0.672349 0.019082 0.110869 0.038164
0 0.827670 0.116358 0.137627 0.064785
0 0.743985 0.013775 0.086015 0.027549
0 0.788213 0.031680 0.080684 0.029160
0 0.732691 0.040308 0.087237 0.028916
0 0.825468 0.015752 0.085859 0.031504
0 0.873946 0.034522 0.087481 0.042735
0 0.822383 0.046426 0.085860 0.029277
0 0.777617 0.059600 0.084316 0.029160
0 0.742993 0.089199 0.114209 0.071348
0 0.973789 0.063364 0.045196 0.039854
0 0.971831 0.033360 0.056338 0.019199
0 0.955234 0.025386 0.089531 0.033682
0 0.839760 0.080610 0.101865 0.037666
0 0.859502 0.063701 0.076543 0.022070
0 0.927343 0.075547 0.102871 0.034024
0 0.946680 0.048516 0.094160 0.020859
0 0.973384 0.005439 0.053232 0.010879
