0 0.235517 0.355088 0.151953 0.159208
0 0.262197 0.218131 0.169434 0.284209
0 0.284438 0.102382 0.105577 0.102625
0 0.332651 0.170851 0.019092 0.081643
0 0.247861 0.061385 0.081406 0.037669
0 0.242436 0.054700 0.107139 0.106437
0 0.229023 0.042404 0.083183 0.084809
0 0.525283 0.912273 0.254922 0.175455
0 0.545821 0.979993 0.179707 0.040015
0 0.066313 0.970102 0.132627 0.059795
0 0.096197 0.918856 0.192393 0.162287
0 0.127124 0.722573 0.218466 0.257493
0 0.206425 0.588585 0.189941 0.228256
0 0.170059 0.028871 0.073867 0.057742
0 0.514633 0.831862 0.241631 0.226246
0 0.495625 0.758805 0.221054 0.241364
0 0.522149 0.634853 0.203223 0.222551
0 0.514555 0.557310 0.189053 0.174677
0 0.526841 0.491767 0.179658 0.180220
0 0.500474 0.430777 0.157197 0.170821
0 0.507305 0.346745 0.166621 0.119267
0 0.512275 0.292573 0.150313 0.079017
0 0.472949 0.269978 0.124102 0.152214
0 0.511172 0.199964 0.133770 0.143123
0 0.498584 0.132258 0.117460 0.125278
0 0.463931 0.091459 0.115127 0.137522
0 0.439097 0.061561 0.088349 0.123123
0 0.377397 0.044414 0.061435 0.088827
0 0.949463 0.914017 0.101074 0.171965
0 0.915635 0.839846 0.168730 0.279486
0 0.852202 0.580814 0.187666 0.213446
0 0.777900 0.458057 0.191289 0.224326
0 0.783740 0.349223 0.169941 0.097360
0 0.762422 0.317470 0.151250 0.145909
0 0.733808 0.175755 0.158067 0.270074
0 0.656689 0.149333 0.044747 0.135410
0 0.655288 0.108746 0.068974 0.125264
0 0.654941 0.071693 0.120957 0.143387
0 0.634185 0.058923 0.129775 0.117845
0 0.563579 0.041246 0.037978 0.082493
0 0.520420 0.027426 0.058868 0.054853
0 0.212896 0.463805 0.190889 0.159634
0 0.201026 0.430667 0.168261 0.122830
