0 0.586895 0.565864 0.156211 0.178375
0 0.457588 0.426793 0.133750 0.143251
0 0.407446 0.364487 0.123213 0.100689
0 0.361836 0.321903 0.105644 0.086032
0 0.307276 0.294802 0.103281 0.087643
0 0.428096 0.281618 0.098906 0.068390
0 0.490029 0.316837 0.098574 0.079443
0 0.679087 0.472394 0.162256 0.150088
0 0.896972 0.795022 0.206055 0.281112
0 0.760854 0.547342 0.160909 0.165051
0 0.843438 0.653748 0.200117 0.229868
0 0.543018 0.278214 0.102617 0.064392
0 0.608067 0.310505 0.110547 0.079048
0 0.545586 0.359590 0.115390 0.097892
0 0.676895 0.352204 0.125586 0.090117
0 0.609873 0.410410 0.130254 0.127730
0 0.755556 0.397482 0.135683 0.102372
0 0.833003 0.457650 0.155166 0.126984
0 0.917569 0.520806 0.164863 0.143573
0 0.961094 0.618302 0.077812 0.170425
0 0.647124 0.274649 0.103780 0.069180
0 0.721885 0.299005 0.116602 0.068287
0 0.792749 0.337621 0.122354 0.078492
0 0.880176 0.379868 0.121348 0.088316
0 0.951455 0.446398 0.097090 0.130922
0 0.770830 0.266134 0.104434 0.064919
0 0.849687 0.295563 0.107617 0.067789
0 0.912408 0.327130 0.124541 0.068931
0 0.966552 0.355513 0.066895 0.057731
0 0.989780 0.316574 0.020439 0.023250
0 0.888550 0.263572 0.105400 0.059677
0 0.953232 0.293353 0.093535 0.072006
0 0.987783 0.244341 0.024434 0.030937
0 0.408755 0.234407 0.191045 0.089370
0 0.403945 0.184964 0.163828 0.052299
0 0.403100 0.213294 0.179795 0.058477
0 0.383536 0.202628 0.140547 0.056442
0 0.404771 0.194114 0.179737 0.052650
0 0.622788 0.228558 0.190186 0.079692
0 0.675249 0.219341 0.104288 0.073470
0 0.588399 0.209759 0.143437 0.074891
0 0.660991 0.183638 0.096709 0.040805
0 0.567924 0.195109 0.134619 0.076867
0 0.759780 0.180988 0.114014 0.050381
0 0.790201 0.186406 0.142783 0.047393
0 0.784536 0.207489 0.124033 0.076412
0 0.824414 0.222943 0.189786 0.073587
0 0.879624 0.207336 0.102100 0.057569
0 0.946889 0.176472 0.106221 0.049341
0 0.954317 0.184656 0.091367 0.045271
0 0.977168 0.069246 0.045664 0.015534
0 0.977944 0.084480 0.044111 0.035168
0 0.906875 0.097884 0.096894 0.052284
0 0.935332 0.112547 0.129336 0.066413
0 0.766943 0.102343 0.091406 0.054465
0 0.869121 0.076325 0.058828 0.023718
0 0.859629 0.085812 0.065156 0.033207
0 0.794292 0.116171 0.131202 0.069356
0 0.723628 0.078873 0.088096 0.026208
0 0.704199 0.099795 0.110976 0.059912
0 0.618916 0.093440 0.058946 0.047789
0 0.560616 0.086435 0.084141 0.042562
0 0.582153 0.099202 0.123193 0.056412
0 0.451411 0.092197 0.138330 0.047233
0 0.466123 0.096076 0.105684 0.048316
0 0.450464 0.106311 0.128252 0.059443
0 0.132935 0.097899 0.064599 0.044934
0 0.176109 0.112313 0.134619 0.059502
0 0.315430 0.105425 0.114238 0.063558
0 0.295347 0.087870 0.073740 0.036940
0 0.975015 0.234788 0.049971 0.047819
0 0.963359 0.214415 0.073281 0.091405
0 0.971734 0.229114 0.056533 0.062621
0 0.136719 0.802342 0.273438 0.281113
0 0.388672 0.815519 0.271484 0.284041
0 0.644043 0.813324 0.243164 0.285505
0 0.031250 0.658858 0.062500 0.225476
0 0.034668 0.556369 0.069336 0.163982
0 0.024219 0.456809 0.048438 0.081991
0 0.019751 0.403434 0.039502 0.078551
0 0.202099 0.643485 0.171777 0.174231
0 0.188965 0.543192 0.155274 0.125915
0 0.169873 0.469473 0.138770 0.112298
0 0.141601 0.442899 0.127929 0.153734
0 0.109302 0.398265 0.115342 0.151756
0 0.078047 0.356186 0.106602 0.139254
0 0.047114 0.310725 0.094229 0.119136
0 0.398564 0.624788 0.173653 0.148141
0 0.377188 0.539254 0.150351 0.122547
0 0.342929 0.501208 0.143301 0.180806
0 0.305839 0.438038 0.123613 0.152796
0 0.258721 0.388690 0.117031 0.143939
0 0.223061 0.337087 0.108037 0.113089
0 0.179087 0.303777 0.097568 0.106530
0 0.085102 0.209187 0.170205 0.088799
0 0.630313 0.641311 0.193417 0.171787
0 0.516572 0.502152 0.144219 0.181230
