0 0.123372 0.371817 0.029297 0.031828
0 0.073242 0.386863 0.087240 0.052662
0 0.197429 0.361112 0.127929 0.033565
0 0.182617 0.424190 0.139323 0.100694
0 0.084798 0.480672 0.169596 0.255093
0 0.662093 0.376417 0.132650 0.085127
0 0.766927 0.320023 0.091146 0.046296
0 0.861490 0.370949 0.148763 0.120370
0 0.956217 0.382812 0.087565 0.140625
0 0.744304 0.446180 0.238607 0.202547
0 0.531413 0.484375 0.205404 0.248842
0 0.308756 0.519386 0.340821 0.285301
0 0.673809 0.323052 0.046810 0.024519
0 0.364351 0.318933 0.033831 0.011591
0 0.344379 0.321470 0.024661 0.013044
0 0.390948 0.323099 0.041575 0.016302
0 0.341626 0.329439 0.018344 0.015220
0 0.370923 0.329167 0.049626 0.012859
0 0.498216 0.312954 0.046875 0.015700
0 0.491126 0.320727 0.039824 0.012529
0 0.454331 0.320379 0.040146 0.017390
0 0.705430 0.317969 0.055176 0.035220
0 0.675060 0.306501 0.019671 0.012807
0 0.364746 0.370660 0.133138 0.027199
0 0.506758 0.345500 0.146224 0.044705
0 0.451987 0.365816 0.045733 0.013692
0 0.025927 0.363125 0.051855 0.038506
0 0.007702 0.335576 0.015404 0.017842
0 0.031691 0.340584 0.038916 0.013461
0 0.049478 0.342931 0.027295 0.015654
0 0.052002 0.351747 0.018782 0.019827
0 0.094607 0.344748 0.080081 0.029682
0 0.121512 0.339091 0.036598 0.023206
0 0.111870 0.360619 0.061924 0.020868
0 0.146159 0.328750 0.037174 0.017396
0 0.162482 0.341360 0.043168 0.017824
0 0.267560 0.363869 0.067197 0.032008
0 0.298033 0.351140 0.082907 0.035220
0 0.196518 0.336233 0.032607 0.012500
0 0.179266 0.332971 0.023174 0.009601
0 0.385892 0.350445 0.094030 0.025047
0 0.356657 0.344022 0.060020 0.021562
0 0.417308 0.343400 0.069994 0.030260
0 0.434212 0.327807 0.062044 0.027535
0 0.556966 0.326968 0.082682 0.050926
0 0.627441 0.303241 0.073242 0.024306
0 0.740560 0.310185 0.042968 0.032408
0 0.779297 0.293403 0.054036 0.012732
0 0.878580 0.307581 0.111979 0.056134
0 0.820150 0.301215 0.016602 0.026042
0 0.940430 0.291667 0.062500 0.031250
0 0.965410 0.309618 0.069180 0.049306
0 0.616037 0.342150 0.125374 0.062922
