0 0.248000 0.216429 0.197000 0.155289
0 0.159000 0.376219 0.151000 0.194298
0 0.264500 0.779069 0.235000 0.395349
0 0.055250 0.606152 0.110500 0.238559
0 0.037750 0.836459 0.075500 0.327082
0 0.836250 0.448987 0.171500 0.242311
0 0.903250 0.655289 0.176500 0.344336
0 0.864000 0.983871 0.132000 0.032258
0 0.531250 0.867592 0.203500 0.264816
0 0.496500 0.566766 0.199000 0.225807
0 0.373500 0.353714 0.160000 0.219805
0 0.292500 0.025507 0.092000 0.051013
0 0.269500 0.094148 0.105000 0.108777
0 0.988000 0.030382 0.024000 0.060765
0 0.949750 0.151163 0.100500 0.144786
0 0.942500 0.278320 0.115000 0.199550
0 0.830000 0.035634 0.078000 0.071268
0 0.808250 0.102025 0.099500 0.138035
0 0.765250 0.214178 0.124500 0.198799
0 0.644750 0.086272 0.120500 0.166541
0 0.570000 0.028132 0.058000 0.056264
0 0.493250 0.071642 0.129500 0.140285
0 0.486250 0.176669 0.181500 0.138785
0 0.539500 0.318080 0.191000 0.174043
