0 0.505417 0.424375 0.147500 0.231250
0 0.357291 0.055625 0.100417 0.111250
0 0.285000 0.131250 0.123334 0.152500
0 0.345834 0.258125 0.138333 0.188750
0 0.131666 0.316250 0.191667 0.187500
0 0.421666 0.700625 0.218333 0.376250
0 0.024167 0.448125 0.048333 0.153750
0 0.772062 0.073075 0.082325 0.065700
0 0.750637 0.044381 0.071709 0.088763
0 0.751879 0.012587 0.060608 0.025175
0 0.153334 0.518125 0.276667 0.356250
0 0.767917 0.151875 0.104167 0.158750
0 0.778750 0.335625 0.130834 0.193750
0 0.800833 0.861875 0.271667 0.276250
0 0.614459 0.053750 0.078917 0.075000
0 0.611667 0.126250 0.090000 0.137500
0 0.542750 0.012500 0.041166 0.025000
0 0.429638 0.019675 0.056441 0.039350
0 0.490375 0.049375 0.077584 0.098750
0 0.437083 0.123125 0.112500 0.146250
0 0.561250 0.248125 0.117500 0.173750
0 0.732500 0.551250 0.181666 0.297500
