0 0.457552 0.609256 0.384896 0.276176
0 0.305208 0.707511 0.610417 0.422610
0 0.241667 0.856221 0.483333 0.287557
0 0.162448 0.919196 0.324896 0.161608
0 0.753018 0.193452 0.493964 0.223794
0 0.781510 0.267830 0.374479 0.282246
0 0.799479 0.101669 0.401042 0.203338
0 0.008854 0.545144 0.017708 0.064492
0 0.598958 0.346359 0.551042 0.358877
0 0.475477 0.043031 0.193276 0.086062
0 0.361117 0.086639 0.274255 0.173278
0 0.195875 0.135493 0.391750 0.270986
0 0.128646 0.198028 0.257292 0.239757
0 0.110156 0.313353 0.220312 0.262519
0 0.090365 0.416919 0.180729 0.248103
0 0.471875 0.445751 0.558334 0.381639
