0 0.672821 0.181641 0.097583 0.061198
0 0.808242 0.216992 0.089744 0.073828
0 0.868132 0.222981 0.120146 0.095703
0 0.905751 0.250000 0.114066 0.085938
0 0.956044 0.263672 0.087912 0.092448
0 0.985348 0.281250 0.029304 0.065104
0 0.493883 0.210091 0.030842 0.038672
0 0.358901 0.225977 0.029011 0.055859
0 0.362747 0.186198 0.069084 0.057292
0 0.421978 0.223502 0.101098 0.110287
0 0.460440 0.256055 0.106227 0.084245
0 0.495128 0.270638 0.103077 0.067318
0 0.508498 0.183008 0.105202 0.063932
0 0.553260 0.208789 0.090550 0.084506
0 0.512161 0.304167 0.164249 0.101563
0 0.395092 0.364584 0.089817 0.145833
0 0.320403 0.269336 0.103370 0.111588
0 0.986447 0.187825 0.027106 0.043619
0 0.863831 0.798092 0.272337 0.403815
0 0.242945 0.745000 0.485890 0.403098
0 0.462198 0.177995 0.029450 0.025260
0 0.142070 0.215039 0.074557 0.067864
0 0.596498 0.104459 0.035560 0.032305
0 0.441472 0.066192 0.019223 0.024623
0 0.629458 0.110325 0.035692 0.036485
0 0.686937 0.118340 0.025597 0.039024
0 0.735362 0.125287 0.068645 0.053959
0 0.932326 0.131894 0.073428 0.044623
0 0.854421 0.145000 0.089502 0.061432
0 0.782677 0.202448 0.099187 0.068750
0 0.098828 0.221680 0.154286 0.094401
0 0.078388 0.263672 0.108425 0.087240
0 0.117949 0.309896 0.194872 0.125000
0 0.139561 0.384115 0.208791 0.143229
0 0.190110 0.432943 0.333334 0.149739
0 0.184249 0.546875 0.368498 0.195312
0 0.500000 0.461068 0.191208 0.239323
0 0.763003 0.488282 0.261539 0.231771
0 0.985715 0.543620 0.028571 0.097656
0 0.944689 0.420247 0.110623 0.214193
0 0.883333 0.369792 0.159341 0.111979
0 0.788828 0.326953 0.157876 0.099218
0 0.688095 0.276693 0.146886 0.089844
0 0.663736 0.411459 0.175824 0.179687
0 0.624396 0.333529 0.169524 0.082943
0 0.647143 0.253711 0.127986 0.080338
0 0.607692 0.220703 0.126740 0.082031
