0 0.061719 0.975000 0.123438 0.050000
0 0.013672 0.643056 0.027344 0.075000
0 0.139453 0.559028 0.278906 0.187500
0 0.025078 0.360347 0.050156 0.079028
0 0.099687 0.419444 0.199375 0.141667
0 0.187265 0.424930 0.266093 0.116527
0 0.362500 0.365278 0.181250 0.069444
0 0.495430 0.393750 0.195234 0.076388
0 0.707344 0.353472 0.260313 0.112500
0 0.906719 0.336458 0.186562 0.142361
0 0.975859 0.329167 0.048281 0.052778
0 0.933437 0.397917 0.133125 0.087500
0 0.804727 0.456945 0.217109 0.102777
0 0.641367 0.415278 0.212266 0.083333
0 0.326953 0.483333 0.253906 0.163889
0 0.431914 0.511806 0.327890 0.162500
0 0.925781 0.498611 0.148438 0.133334
0 0.885196 0.662500 0.229609 0.202778
0 0.757539 0.634028 0.383046 0.259722
0 0.832696 0.857639 0.334609 0.284722
0 0.597930 0.795694 0.510391 0.408611
0 0.442578 0.673750 0.386719 0.211388
0 0.608640 0.551041 0.275875 0.201555
0 0.691067 0.306715 0.231821 0.120208
0 0.832059 0.125035 0.147321 0.101792
0 0.670894 0.142319 0.162757 0.128250
0 0.273293 0.206111 0.173508 0.086500
0 0.082512 0.198590 0.110164 0.104542
0 0.276914 0.153118 0.139000 0.076320
0 0.181867 0.810132 0.363734 0.379736
