0 0.297917 0.803704 0.497500 0.336296
0 0.420834 0.734074 0.436667 0.300740
0 0.518917 0.685926 0.445500 0.305186
0 0.633709 0.640741 0.372083 0.288889
0 0.720959 0.543704 0.366417 0.145185
0 0.895417 0.713334 0.209167 0.321481
0 0.817250 0.508889 0.358834 0.143704
0 0.861459 0.472593 0.277083 0.145185
0 0.901083 0.425926 0.197833 0.108148
0 0.929750 0.372592 0.140500 0.057777
0 0.970209 0.333334 0.059583 0.021629
0 0.134583 0.056296 0.269167 0.112593
0 0.299084 0.041481 0.153167 0.082963
0 0.395458 0.017482 0.087583 0.034963
0 0.452375 0.018593 0.065250 0.037185
0 0.533333 0.005926 0.100000 0.011852
0 0.854375 0.015407 0.180916 0.030815
0 0.973334 0.012592 0.053333 0.025185
0 0.945750 0.035926 0.108500 0.058518
0 0.911625 0.060000 0.176750 0.087408
0 0.834750 0.075185 0.180500 0.085185
0 0.714958 0.032593 0.176250 0.065185
0 0.609959 0.045185 0.134583 0.084444
0 0.551584 0.054074 0.197667 0.087408
0 0.644208 0.128519 0.194583 0.088149
0 0.758333 0.101111 0.214333 0.096148
0 0.970417 0.097037 0.059167 0.031112
0 0.938125 0.129630 0.123750 0.060741
0 0.917208 0.151259 0.165583 0.070815
0 0.860625 0.166666 0.200416 0.072593
0 0.977917 0.190814 0.044167 0.017185
0 0.945500 0.227407 0.109000 0.060741
0 0.798375 0.194075 0.202416 0.088889
0 0.897583 0.260000 0.204833 0.096296
0 0.884709 0.288148 0.230583 0.093334
0 0.800375 0.324445 0.284084 0.139259
0 0.662583 0.363778 0.281833 0.119852
0 0.586458 0.388963 0.298083 0.123112
0 0.501458 0.419260 0.293750 0.121481
0 0.410750 0.450371 0.307334 0.124445
0 0.318000 0.482222 0.312666 0.117037
0 0.192083 0.546667 0.332500 0.181926
0 0.042833 0.756297 0.085667 0.214815
0 0.096167 0.608815 0.192333 0.172000
0 0.009584 0.498518 0.019167 0.045925
0 0.057917 0.454222 0.115833 0.135111
0 0.110459 0.401852 0.220917 0.104444
0 0.059250 0.292593 0.118500 0.117037
0 0.030041 0.203407 0.060083 0.066074
0 0.082625 0.162593 0.165250 0.097037
0 0.257958 0.229629 0.214083 0.112593
0 0.427584 0.191852 0.243167 0.117037
0 0.488291 0.161482 0.172583 0.082963
0 0.646458 0.244445 0.249250 0.115555
0 0.708333 0.210370 0.176667 0.074074
0 0.574542 0.145185 0.202583 0.091852
0 0.368625 0.104889 0.282250 0.145778
0 0.513750 0.269630 0.227500 0.082963
0 0.434208 0.291482 0.220417 0.082223
0 0.359125 0.319777 0.237416 0.097333
0 0.263208 0.348148 0.250750 0.109630
0 0.162959 0.375777 0.234083 0.108593
0 0.132666 0.264667 0.215167 0.108593
