0 0.869140 0.731250 0.261719 0.537500
0 0.941797 0.417187 0.116406 0.243750
0 0.899219 0.367969 0.201562 0.276563
0 0.848437 0.253437 0.303125 0.411875
0 0.867344 0.142188 0.070625 0.053125
0 0.823086 0.123437 0.087422 0.025000
0 0.671250 0.252344 0.365938 0.273437
0 0.612617 0.205859 0.336172 0.225781
0 0.742617 0.080781 0.083047 0.038438
0 0.488242 0.193750 0.287422 0.234374
0 0.419922 0.165468 0.244532 0.205937
0 0.361563 0.144610 0.213750 0.188907
0 0.291172 0.141485 0.180781 0.182969
0 0.271836 0.119688 0.196797 0.154375
0 0.043750 0.231328 0.087500 0.365468
0 0.342187 0.748438 0.684375 0.503125
0 0.279687 0.674219 0.559375 0.485938
0 0.173437 0.547656 0.296875 0.214062
0 0.115235 0.471094 0.230469 0.173438
0 0.189453 0.046875 0.236718 0.093750
0 0.095898 0.035156 0.110235 0.070312
0 0.029922 0.034375 0.059844 0.068750
0 0.236328 0.106250 0.186719 0.150000
0 0.195016 0.095805 0.143156 0.135172
0 0.188563 0.082563 0.177797 0.126343
0 0.185000 0.064219 0.186968 0.116844
0 0.434395 0.026367 0.128039 0.052734
0 0.518453 0.063609 0.143672 0.036000
0 0.707293 0.069555 0.210914 0.060109
0 0.307176 0.020054 0.074274 0.040109
0 0.818133 0.086313 0.167266 0.061687
0 0.588504 0.042898 0.073570 0.085797
