0 0.042082 0.069834 0.084163 0.088667
0 0.124275 0.087566 0.091276 0.058933
0 0.213056 0.092475 0.089438 0.054016
0 0.301850 0.097550 0.086050 0.058566
0 0.380250 0.102450 0.069750 0.050100
0 0.487812 0.103308 0.090225 0.058917
0 0.490175 0.106150 0.127575 0.049100
0 0.963462 0.116692 0.073075 0.061517
0 0.903525 0.132725 0.179525 0.093250
0 0.081250 0.850834 0.162500 0.298333
0 0.243125 0.779166 0.486250 0.441667
0 0.320000 0.660000 0.640000 0.483334
0 0.368750 0.580000 0.737500 0.403334
0 0.444375 0.506667 0.696250 0.350000
0 0.479437 0.454167 0.691125 0.301667
0 0.593750 0.347167 0.480000 0.249000
0 0.735313 0.330583 0.299375 0.215500
0 0.703937 0.269250 0.392125 0.188500
0 0.816950 0.260817 0.230425 0.157000
0 0.821056 0.248192 0.259463 0.140983
0 0.841101 0.218308 0.219375 0.103950
0 0.822631 0.200208 0.253787 0.095550
0 0.842518 0.195650 0.239263 0.101300
0 0.857069 0.186575 0.221138 0.092316
0 0.853456 0.169525 0.255588 0.113116
0 0.825075 0.116175 0.148400 0.038584
0 0.929856 0.142050 0.086587 0.057566
0 0.937956 0.147584 0.097038 0.070667
0 0.581476 0.104159 0.085225 0.068017
0 0.818693 0.324817 0.127437 0.066233
