0 0.142917 0.876250 0.074167 0.205000
0 0.214166 0.871250 0.058333 0.215000
0 0.332500 0.885625 0.055000 0.206250
0 0.400417 0.876875 0.052500 0.206250
0 0.464583 0.870625 0.047500 0.208750
0 0.527917 0.873125 0.052500 0.196250
0 0.595000 0.881875 0.060000 0.198750
0 0.827500 0.830625 0.063334 0.183750
0 0.707083 0.742500 0.109167 0.082500
0 0.711666 0.639375 0.088333 0.073750
0 0.846667 0.656875 0.095000 0.153750
0 0.942084 0.783125 0.090833 0.126250
0 0.917083 0.891250 0.072500 0.175000
0 0.972083 0.912500 0.055833 0.115000
0 0.980000 0.731313 0.040000 0.087625
0 0.956666 0.658750 0.086667 0.120000
0 0.918541 0.596062 0.082083 0.117875
0 0.875417 0.535000 0.092500 0.115000
0 0.825000 0.467500 0.073334 0.127500
0 0.779166 0.423750 0.066667 0.102500
0 0.744583 0.362500 0.072500 0.115000
0 0.699584 0.316250 0.075833 0.117500
0 0.660000 0.257500 0.078334 0.132500
0 0.620000 0.210625 0.073334 0.106250
0 0.407500 0.208125 0.091666 0.131250
0 0.376667 0.241875 0.083333 0.141250
0 0.333333 0.283125 0.091667 0.146250
0 0.295417 0.335000 0.087500 0.125000
0 0.245833 0.373750 0.081667 0.127500
0 0.201666 0.433125 0.086667 0.118750
0 0.143750 0.496875 0.092500 0.131250
0 0.087916 0.585000 0.110833 0.120000
0 0.178334 0.637500 0.106667 0.167500
0 0.274166 0.683125 0.061667 0.196250
0 0.050833 0.720625 0.101667 0.078750
0 0.022958 0.364438 0.045917 0.106375
0 0.155417 0.128750 0.079167 0.095000
0 0.235417 0.043750 0.077500 0.087500
0 0.408334 0.016875 0.048333 0.033750
0 0.516250 0.364375 0.077500 0.116250
0 0.557917 0.410000 0.087500 0.132500
0 0.592917 0.467500 0.084167 0.132500
0 0.592083 0.605625 0.092500 0.121250
0 0.382500 0.661875 0.050000 0.196250
0 0.917500 0.448125 0.080000 0.116250
0 0.977083 0.534938 0.045833 0.108375
0 0.831167 0.332937 0.082667 0.118375
0 0.058700 0.078050 0.072000 0.097600
0 0.030479 0.041850 0.057308 0.065450
0 0.046837 0.231175 0.093675 0.101226
0 0.731367 0.201569 0.081567 0.125713
0 0.650913 0.101125 0.061691 0.106274
