0 0.935198 0.020345 0.029840 0.040689
0 0.363194 0.972778 0.308333 0.054444
0 0.296180 0.886111 0.532639 0.227778
0 0.297569 0.791667 0.511805 0.207778
0 0.285764 0.715556 0.490972 0.215555
0 0.278473 0.634445 0.473611 0.197777
0 0.276042 0.562222 0.459028 0.191111
0 0.273611 0.492777 0.447222 0.183333
0 0.265278 0.431667 0.434722 0.183333
0 0.259028 0.368333 0.425000 0.174445
0 0.261111 0.306111 0.411111 0.154444
0 0.259375 0.252223 0.397916 0.146667
0 0.105556 0.147778 0.162500 0.231111
0 0.300694 0.109445 0.163889 0.154445
0 0.305208 0.045000 0.154861 0.090000
0 0.496875 0.151667 0.163194 0.230000
0 0.491667 0.050000 0.154167 0.100000
0 0.115973 0.052222 0.158333 0.104444
0 0.693056 0.147778 0.162500 0.213333
0 0.668055 0.073333 0.136111 0.146667
0 0.896528 0.141667 0.162500 0.198889
0 0.860764 0.081111 0.140972 0.162222
0 0.994444 0.161111 0.011111 0.135556
0 0.978125 0.088333 0.043750 0.176667
0 0.903472 0.961666 0.193056 0.076667
0 0.900000 0.915000 0.200000 0.163334
0 0.879861 0.867778 0.240278 0.235556
0 0.871528 0.775556 0.256944 0.211111
0 0.861806 0.690000 0.276389 0.206666
0 0.853125 0.617223 0.293750 0.201111
0 0.845139 0.545000 0.309722 0.192222
0 0.836805 0.477222 0.326389 0.185556
0 0.830903 0.414444 0.338194 0.175555
0 0.820486 0.357222 0.359028 0.181111
0 0.811805 0.299445 0.376389 0.167777
0 0.817708 0.235000 0.364583 0.132222
0 0.780903 0.041111 0.046528 0.082222
0 0.602083 0.037778 0.029167 0.075556
0 0.119382 0.012689 0.132402 0.025378
0 0.299951 0.015489 0.132972 0.030978
0 0.488093 0.016611 0.136465 0.033222
0 0.957452 0.044234 0.023555 0.088467
0 0.016667 0.017222 0.027778 0.034444
0 0.006597 0.089444 0.013194 0.178889
