0 0.985000 0.691852 0.030000 0.136296
0 0.625658 0.322319 0.073200 0.042029
0 0.686987 0.209341 0.016125 0.013052
0 0.801467 0.236866 0.043200 0.048637
0 0.071771 0.326748 0.069642 0.038711
0 0.155062 0.321370 0.079659 0.032874
0 0.229796 0.316763 0.083642 0.042088
0 0.304792 0.310933 0.066700 0.021807
0 0.638842 0.407807 0.147267 0.130577
0 0.822083 0.870370 0.355833 0.259259
0 0.450417 0.810370 0.679167 0.379259
0 0.257916 0.705629 0.515833 0.588741
0 0.386667 0.465926 0.176667 0.158518
0 0.579584 0.548889 0.295833 0.253334
0 0.829166 0.621482 0.341667 0.315555
0 0.954584 0.453408 0.090833 0.213185
0 0.819042 0.405926 0.205250 0.180740
0 0.912542 0.349630 0.088250 0.091852
0 0.989625 0.341481 0.020750 0.031111
0 0.694167 0.401778 0.066667 0.145778
0 0.420000 0.356000 0.146666 0.073186
0 0.312250 0.351852 0.099334 0.069630
0 0.240167 0.373333 0.178000 0.106667
0 0.132375 0.374444 0.188084 0.085185
0 0.206667 0.411112 0.135000 0.031111
0 0.747667 0.322222 0.073667 0.028148
0 0.854309 0.313222 0.058683 0.020904
0 0.777688 0.299466 0.076809 0.024533
0 0.805287 0.295681 0.055325 0.022829
0 0.823350 0.292163 0.048484 0.023466
0 0.835487 0.288400 0.019641 0.016504
0 0.053000 0.379629 0.106000 0.086667
0 0.526250 0.405185 0.172500 0.087408
0 0.027121 0.165741 0.037058 0.025022
0 0.052234 0.176815 0.037467 0.024118
0 0.061396 0.185000 0.029258 0.018178
0 0.039904 0.207133 0.046892 0.030889
0 0.017729 0.186607 0.018592 0.015763
0 0.038667 0.191229 0.022700 0.011111
0 0.010825 0.203348 0.016666 0.026074
0 0.062784 0.194830 0.024083 0.014074
0 0.071575 0.205867 0.026334 0.028445
0 0.096450 0.207126 0.037916 0.032740
0 0.098209 0.191489 0.024833 0.012726
0 0.185342 0.304992 0.021150 0.013719
0 0.023062 0.332696 0.046125 0.045896
0 0.414438 0.306060 0.103059 0.045719
0 0.326783 0.321059 0.075400 0.024637
0 0.451058 0.301118 0.064900 0.051985
0 0.521454 0.326371 0.111558 0.080355
0 0.587604 0.322133 0.093308 0.055674
