0 0.054297 0.430555 0.108594 0.133333
0 0.007071 0.368542 0.014141 0.062083
0 0.059140 0.304861 0.072969 0.079166
0 0.188281 0.212500 0.060938 0.077778
0 0.242422 0.205348 0.088594 0.079861
0 0.330429 0.188959 0.059453 0.075139
0 0.379023 0.194514 0.078359 0.089028
0 0.445429 0.199583 0.089453 0.088055
0 0.189785 0.105021 0.019836 0.020153
0 0.253195 0.093764 0.022828 0.024306
0 0.289156 0.080576 0.028250 0.015709
0 0.346222 0.076542 0.026601 0.025250
0 0.367024 0.098854 0.015797 0.042125
0 0.770676 0.129945 0.025805 0.057777
0 0.729523 0.107903 0.049297 0.051722
0 0.767574 0.109854 0.040398 0.047820
0 0.813575 0.144702 0.031195 0.039653
0 0.882625 0.166570 0.055094 0.059195
0 0.894586 0.163216 0.031703 0.038569
0 0.819484 0.109166 0.023500 0.024361
0 0.832188 0.114778 0.010501 0.019222
0 0.842535 0.121965 0.022398 0.019014
0 0.857387 0.130410 0.031101 0.024542
0 0.863336 0.139382 0.037000 0.022930
0 0.900000 0.673611 0.165625 0.525000
0 0.829430 0.100597 0.015625 0.016806
0 0.800242 0.094806 0.019609 0.025555
0 0.465234 0.514583 0.197657 0.287500
0 0.688672 0.554167 0.153906 0.358333
0 0.853125 0.276389 0.084375 0.111111
0 0.296484 0.484028 0.200781 0.237500
0 0.982031 0.679861 0.035937 0.340278
