0 0.029256 0.152000 0.058511 0.090000
0 0.825000 0.058950 0.126404 0.110500
0 0.954073 0.088975 0.091854 0.113450
0 0.971208 0.136700 0.057584 0.082900
0 0.871910 0.179950 0.174158 0.128500
0 0.689775 0.264900 0.292584 0.204000
0 0.742023 0.341400 0.269663 0.196200
0 0.933202 0.242700 0.133596 0.127200
0 0.937247 0.341225 0.125506 0.145450
0 0.835955 0.508800 0.328090 0.268200
0 0.909115 0.734350 0.181770 0.517400
0 0.653849 0.766075 0.350899 0.440450
0 0.292851 0.958325 0.585702 0.083350
0 0.188526 0.806500 0.377051 0.309800
0 0.256124 0.688325 0.310337 0.337150
0 0.077036 0.551050 0.154073 0.228900
0 0.042795 0.330500 0.085590 0.151500
0 0.202317 0.411725 0.290759 0.335450
0 0.469312 0.405900 0.241826 0.227700
0 0.401854 0.265100 0.174606 0.103200
0 0.447697 0.216800 0.242697 0.139800
0 0.806517 0.128300 0.134494 0.067200
0 0.366980 0.110600 0.114916 0.057000
0 0.465225 0.135200 0.151011 0.049800
0 0.522359 0.118700 0.143259 0.076800
0 0.637809 0.170900 0.190112 0.166800
0 0.584888 0.462500 0.304719 0.194400
0 0.058750 0.082100 0.117500 0.088800
0 0.081222 0.206000 0.162444 0.084000
0 0.146110 0.161000 0.174241 0.107000
0 0.207107 0.094000 0.176966 0.100000
0 0.398680 0.061750 0.058427 0.060500
0 0.492360 0.075250 0.156461 0.074500
0 0.397556 0.024500 0.053932 0.041000
0 0.488427 0.037250 0.140730 0.074500
0 0.648848 0.068900 0.144382 0.069000
0 0.210070 0.231700 0.152668 0.034400
0 0.303596 0.177500 0.172585 0.140400
0 0.132528 0.265400 0.188427 0.065400
0 0.681433 0.180500 0.208146 0.125000
