0 0.450843 0.855000 0.300562 0.290000
0 0.823033 0.875000 0.280899 0.250000
0 0.889045 0.687500 0.182584 0.205000
0 0.994382 0.775000 0.011236 0.150000
0 0.713483 0.692500 0.196629 0.255000
0 0.924157 0.455000 0.151685 0.200000
0 0.994382 0.505000 0.011236 0.090000
0 0.560393 0.672500 0.188202 0.225000
0 0.417837 0.652500 0.200842 0.195000
0 0.269663 0.660000 0.191012 0.220000
0 0.148174 0.647500 0.175562 0.205000
0 0.063202 0.611250 0.126404 0.152500
0 0.044944 0.332500 0.089888 0.055000
0 0.042135 0.266250 0.084270 0.077500
0 0.213554 0.254000 0.113231 0.122500
0 0.131109 0.245250 0.097725 0.087000
0 0.211432 0.203500 0.049439 0.030500
0 0.295562 0.221250 0.068258 0.088000
0 0.380393 0.218250 0.086798 0.094000
0 0.392162 0.168450 0.049719 0.019000
0 0.442584 0.215950 0.058427 0.095000
0 0.547640 0.201450 0.083146 0.080000
0 0.635281 0.204700 0.072472 0.097500
0 0.733736 0.199700 0.080056 0.104500
0 0.832078 0.198700 0.076123 0.094500
0 0.927009 0.191200 0.084579 0.100500
0 0.876601 0.126450 0.074158 0.079000
0 0.919144 0.141900 0.069185 0.051000
0 0.744494 0.135500 0.094944 0.064500
0 0.775253 0.247000 0.110393 0.128500
0 0.670899 0.245500 0.105618 0.130500
0 0.564439 0.239750 0.096629 0.099000
0 0.473286 0.247375 0.102529 0.102750
0 0.941011 0.331050 0.117978 0.108000
0 0.803146 0.330650 0.126686 0.097500
0 0.672851 0.328150 0.131096 0.090500
0 0.550477 0.328650 0.132023 0.098500
0 0.443595 0.326400 0.120505 0.089000
0 0.129972 0.330150 0.105056 0.072500
0 0.236573 0.330400 0.135112 0.074000
0 0.017795 0.382425 0.035590 0.042950
0 0.058666 0.436650 0.117331 0.165500
0 0.125196 0.435400 0.169663 0.170000
0 0.220786 0.436100 0.173877 0.167000
0 0.329073 0.440000 0.175000 0.180000
0 0.431180 0.445000 0.171348 0.180000
0 0.552949 0.447500 0.198595 0.185000
0 0.680899 0.450000 0.198314 0.190000
0 0.813062 0.451500 0.182303 0.197000
0 0.279494 0.850000 0.266854 0.300000
0 0.084269 0.820000 0.168539 0.300000
