0 0.250323 0.235185 0.102059 0.060185
0 0.247603 0.258333 0.108970 0.055247
0 0.237897 0.281481 0.102794 0.065123
0 0.240618 0.308025 0.125883 0.068827
0 0.228265 0.339120 0.120294 0.073920
0 0.251794 0.213581 0.092059 0.048457
0 0.457353 0.256173 0.085294 0.049383
0 0.447573 0.276080 0.103971 0.055864
0 0.451397 0.304938 0.114558 0.069136
0 0.456765 0.345834 0.130294 0.080555
0 0.458824 0.393981 0.126471 0.090433
0 0.465441 0.456790 0.130882 0.104938
0 0.482353 0.555555 0.155882 0.154321
0 0.547794 0.267130 0.089706 0.071297
0 0.551544 0.285339 0.082206 0.070679
0 0.559192 0.318982 0.100735 0.077469
0 0.574264 0.359104 0.098529 0.094753
0 0.587500 0.405864 0.110294 0.108025
0 0.605882 0.473765 0.126471 0.138889
0 0.641177 0.544753 0.126471 0.157408
0 0.621324 0.760803 0.136765 0.317901
0 0.475000 0.782407 0.158824 0.342593
0 0.348529 0.310186 0.067647 0.108025
0 0.350000 0.363735 0.076470 0.110185
0 0.339706 0.462963 0.094118 0.160494
0 0.333088 0.796296 0.160294 0.339506
0 0.341176 0.597222 0.097059 0.200617
0 0.215441 0.375000 0.120588 0.108024
0 0.212500 0.422068 0.142648 0.125000
0 0.200000 0.496914 0.164706 0.160493
0 0.185294 0.584568 0.188236 0.195062
0 0.158824 0.700618 0.217647 0.240741
0 0.123530 0.856482 0.238235 0.287037
0 0.334559 0.220679 0.066176 0.077160
0 0.388971 0.212963 0.060294 0.080246
0 0.435808 0.207407 0.060735 0.079013
0 0.482353 0.200618 0.061764 0.080247
0 0.530147 0.194444 0.057353 0.074074
0 0.572794 0.192902 0.057353 0.083333
0 0.613455 0.188271 0.060441 0.086419
0 0.668382 0.186574 0.039706 0.083642
0 0.986765 0.236111 0.026471 0.077160
0 0.944853 0.197531 0.045588 0.074074
0 0.888750 0.165123 0.036324 0.077161
0 0.822353 0.265433 0.097647 0.080247
0 0.848088 0.288580 0.099118 0.089506
0 0.882353 0.324074 0.111764 0.098766
0 0.983088 0.418210 0.033824 0.145062
0 0.924265 0.373457 0.089706 0.117284
0 0.654853 0.291513 0.068530 0.052161
0 0.654118 0.266975 0.087647 0.058642
0 0.688236 0.331790 0.123529 0.077160
0 0.700735 0.367129 0.098529 0.092901
0 0.744117 0.419754 0.158823 0.111111
0 0.790515 0.484568 0.181029 0.135802
0 0.911765 0.725309 0.120588 0.283951
0 0.767648 0.731482 0.132353 0.320987
0 0.831103 0.563272 0.184853 0.182099
