0 0.409824 0.099560 0.015389 0.024853
0 0.947553 0.193807 0.064236 0.050041
0 0.130000 0.680544 0.260000 0.541004
0 0.321176 0.641213 0.338823 0.424686
0 0.510589 0.527197 0.322353 0.380753
0 0.648823 0.466109 0.278823 0.318828
0 0.732941 0.425733 0.178824 0.202929
0 0.974706 0.442469 0.050588 0.161088
0 0.944294 0.294038 0.111412 0.110669
0 0.952941 0.275105 0.094118 0.077406
0 0.978353 0.224791 0.043294 0.060879
0 0.933941 0.219456 0.062470 0.044352
0 0.252941 0.379184 0.195294 0.166318
0 0.043529 0.330544 0.087059 0.196652
0 0.103529 0.325314 0.141177 0.198745
0 0.063530 0.191945 0.127059 0.088075
0 0.223706 0.189331 0.082000 0.069037
0 0.420588 0.232218 0.175294 0.196653
0 0.511353 0.229079 0.083176 0.115063
0 0.647471 0.213389 0.072589 0.066946
0 0.584118 0.239331 0.083529 0.098745
0 0.612765 0.238703 0.044118 0.066946
0 0.590235 0.200837 0.072706 0.066946
0 0.204941 0.255230 0.176000 0.112970
0 0.300589 0.272803 0.076471 0.077824
0 0.785318 0.406401 0.211506 0.201715
0 0.844112 0.359561 0.225659 0.214728
0 0.731894 0.257395 0.113930 0.105000
0 0.787224 0.238075 0.027529 0.031381
0 0.906871 0.332688 0.186259 0.175628
0 0.808994 0.177897 0.079282 0.066883
0 0.722765 0.170073 0.042353 0.039770
0 0.681088 0.146265 0.038624 0.036757
0 0.691595 0.175042 0.031847 0.051506
0 0.651694 0.165701 0.048282 0.063578
0 0.607165 0.166307 0.057388 0.035251
0 0.298347 0.186182 0.078012 0.068306
0 0.428500 0.144246 0.062342 0.032301
0 0.467117 0.149006 0.060117 0.051109
0 0.489336 0.153514 0.043377 0.047197
0 0.507823 0.159686 0.076189 0.064602
0 0.526971 0.148535 0.081800 0.082259
0 0.565324 0.150627 0.027305 0.037657
0 0.603352 0.130638 0.056847 0.036256
0 0.574011 0.144122 0.048871 0.037657
0 0.807500 0.191464 0.051094 0.029037
0 0.799829 0.223870 0.087611 0.059038
0 0.818600 0.211757 0.052376 0.037155
0 0.890529 0.216778 0.068611 0.053222
0 0.882059 0.188410 0.046024 0.034644
0 0.874435 0.167447 0.029082 0.020335
0 0.893123 0.171067 0.025517 0.029164
0 0.913435 0.178619 0.029177 0.025523
0 0.362270 0.342866 0.140165 0.114938
0 0.767130 0.195920 0.059529 0.041631
0 0.730541 0.195491 0.026824 0.027845
0 0.745000 0.156883 0.076118 0.043514
0 0.327070 0.081695 0.063059 0.061297
0 0.458659 0.101234 0.026706 0.024268
