0 0.780000 0.270600 0.150000 0.141200
0 0.778583 0.067400 0.143167 0.110800
0 0.498333 0.018400 0.093333 0.036800
0 0.055000 0.124800 0.110000 0.081600
0 0.067417 0.052000 0.134167 0.064000
0 0.013333 0.082000 0.026667 0.028000
0 0.153333 0.066000 0.120000 0.068000
0 0.237500 0.082400 0.131666 0.068800
0 0.330000 0.118000 0.130000 0.108000
0 0.410667 0.144000 0.165333 0.128000
0 0.512333 0.072000 0.129667 0.088000
0 0.842416 0.108400 0.137833 0.072800
0 0.599584 0.104000 0.150833 0.120000
0 0.684083 0.102400 0.144833 0.052800
0 0.657500 0.146000 0.145000 0.076000
0 0.759167 0.166000 0.146667 0.084000
0 0.665250 0.228000 0.149500 0.088000
0 0.560750 0.208000 0.147834 0.088000
0 0.141250 0.168600 0.145500 0.145200
0 0.211083 0.182800 0.190500 0.133600
0 0.245250 0.206000 0.187166 0.092000
0 0.261916 0.229600 0.155167 0.084800
0 0.359584 0.253200 0.159167 0.093600
0 0.457000 0.274000 0.159666 0.092000
0 0.566250 0.306000 0.157500 0.116000
0 0.687083 0.334000 0.181833 0.132000
0 0.891417 0.280000 0.190500 0.120000
0 0.655833 0.438600 0.192000 0.122800
0 0.604584 0.406000 0.214167 0.124000
0 0.351000 0.352000 0.170334 0.112000
0 0.456583 0.384000 0.183500 0.128000
0 0.407833 0.498000 0.193333 0.124000
0 0.350250 0.464000 0.222834 0.128000
0 0.214417 0.440200 0.194500 0.144400
0 0.234833 0.320000 0.167000 0.096000
0 0.532084 0.531800 0.197833 0.127600
0 0.461425 0.163320 0.181684 0.092160
0 0.238333 0.922000 0.270000 0.156000
0 0.110000 0.890000 0.220000 0.212000
0 0.039250 0.790000 0.078500 0.100000
0 0.052250 0.664000 0.104500 0.144000
0 0.115000 0.706000 0.230000 0.164000
0 0.249167 0.754600 0.231667 0.189200
0 0.390084 0.793000 0.259833 0.186000
0 0.419166 0.934000 0.261667 0.132000
0 0.604167 0.966400 0.228333 0.067200
0 0.880834 0.918000 0.238333 0.164000
0 0.975000 0.956200 0.050000 0.087600
0 0.942750 0.784000 0.114500 0.144000
0 0.900834 0.643000 0.198333 0.174000
0 0.973334 0.520000 0.053333 0.088000
0 0.905833 0.499200 0.188333 0.129600
0 0.954666 0.406200 0.090667 0.099600
0 0.983083 0.331400 0.033833 0.062800
0 0.992916 0.283000 0.014167 0.054000
0 0.950500 0.224200 0.099000 0.128400
0 0.985834 0.137600 0.028333 0.051200
0 0.976166 0.064800 0.047667 0.049600
0 0.939083 0.039600 0.121833 0.079200
0 0.852583 0.020000 0.078167 0.040000
0 0.780500 0.008000 0.072000 0.016000
0 0.022500 0.036000 0.045000 0.064000
0 0.055834 0.229000 0.111667 0.042000
0 0.057250 0.276000 0.114500 0.088000
0 0.133333 0.300000 0.160000 0.096000
0 0.045833 0.370000 0.091667 0.108000
0 0.029167 0.464000 0.058333 0.080000
0 0.093333 0.526000 0.186667 0.132000
0 0.149750 0.562000 0.206166 0.132000
0 0.536250 0.679000 0.224166 0.178000
0 0.583167 0.845400 0.260333 0.194800
0 0.791084 0.618000 0.207833 0.180000
0 0.658750 0.564000 0.195834 0.136000
0 0.776917 0.470000 0.189500 0.124000
0 0.877834 0.383600 0.179667 0.107200
0 0.854416 0.347400 0.211167 0.118800
0 0.863084 0.182000 0.149167 0.084000
0 0.936084 0.126000 0.127833 0.084000
0 0.881500 0.064000 0.136334 0.048000
0 0.687167 0.038000 0.119000 0.076000
0 0.596000 0.024000 0.124334 0.048000
0 0.423333 0.050000 0.120000 0.068000
0 0.334167 0.036000 0.118333 0.064000
0 0.246000 0.024000 0.111334 0.048000
0 0.155833 0.018000 0.108333 0.036000
0 0.061750 0.011800 0.093166 0.023600
0 0.722750 0.891200 0.261166 0.206400
0 0.887833 0.753800 0.224333 0.187600
0 0.682084 0.708000 0.248167 0.160000
0 0.463359 0.187800 0.151917 0.086000
0 0.057500 0.201200 0.115000 0.093600
0 0.111750 0.404000 0.180166 0.120000
0 0.273917 0.592600 0.207833 0.142800
0 0.401750 0.630600 0.215834 0.146800
