0 0.015468 0.277081 0.030936 0.071417
0 0.313028 0.317476 0.166019 0.106111
0 0.425693 0.308180 0.063643 0.047845
0 0.386091 0.253918 0.109527 0.063081
0 0.619856 0.082094 0.100637 0.077528
0 0.938859 0.104609 0.110681 0.090421
0 0.649204 0.230172 0.133157 0.102747
0 0.632167 0.193562 0.094450 0.045494
0 0.752896 0.187769 0.146718 0.149785
0 0.554609 0.250343 0.128812 0.081631
0 0.538393 0.200515 0.105743 0.052532
0 0.534894 0.167811 0.102606 0.060944
0 0.612862 0.148885 0.102462 0.086781
0 0.832094 0.095236 0.117857 0.089356
0 0.927847 0.282833 0.144305 0.136481
0 0.809773 0.322318 0.132094 0.129613
0 0.746356 0.284421 0.083736 0.045236
0 0.707287 0.360816 0.148841 0.112703
0 0.656660 0.301374 0.113320 0.070387
0 0.567133 0.303906 0.105792 0.041116
0 0.589190 0.363519 0.129247 0.110043
0 0.491796 0.263691 0.122587 0.090988
0 0.442375 0.216309 0.085521 0.039485
0 0.443678 0.178970 0.104923 0.074678
0 0.984170 0.254592 0.031660 0.048240
0 0.996773 0.240635 0.006453 0.015296
0 0.957215 0.187622 0.085569 0.094884
0 0.865002 0.209691 0.121916 0.109700
0 0.825099 0.167828 0.081164 0.059090
0 0.709208 0.076855 0.105889 0.111133
0 0.492995 0.076858 0.109899 0.091674
0 0.442908 0.062803 0.082669 0.078704
0 0.520651 0.130480 0.104913 0.070489
0 0.422061 0.136425 0.098108 0.064214
0 0.391667 0.184099 0.036105 0.053622
0 0.333862 0.104425 0.083639 0.067682
0 0.279768 0.275794 0.109179 0.101836
0 0.270639 0.228446 0.064079 0.039485
0 0.280726 0.158519 0.186877 0.133348
0 0.174679 0.133180 0.079870 0.056438
0 0.163738 0.115558 0.072090 0.049296
0 0.092316 0.118910 0.091419 0.068103
0 0.104411 0.086803 0.093002 0.048437
0 0.129636 0.055236 0.091665 0.071348
0 0.027968 0.130043 0.055936 0.042060
0 0.027558 0.095194 0.055116 0.047897
0 0.040371 0.081417 0.065203 0.047811
0 0.027993 0.029614 0.055985 0.059227
0 0.191168 0.385837 0.163996 0.139914
0 0.066602 0.411888 0.133205 0.131417
0 0.062018 0.347339 0.100675 0.037168
0 0.061438 0.247682 0.105888 0.074764
0 0.165517 0.196138 0.086341 0.040343
0 0.100868 0.175751 0.054923 0.041460
0 0.021260 0.151073 0.042519 0.054936
0 0.067688 0.187382 0.135376 0.067468
0 0.015203 0.220043 0.030405 0.058970
0 0.014285 0.323948 0.028571 0.093733
0 0.343267 0.458627 0.162114 0.093391
0 0.474301 0.445665 0.137693 0.068326
0 0.607722 0.426180 0.140154 0.074678
0 0.746356 0.416309 0.160570 0.085836
0 0.891844 0.404420 0.156467 0.104463
0 0.961896 0.372962 0.076207 0.059227
0 0.929440 0.478155 0.141120 0.159743
0 0.780285 0.501287 0.168678 0.163091
0 0.651303 0.528069 0.161680 0.173047
0 0.524856 0.545923 0.154923 0.181974
0 0.372394 0.549786 0.178958 0.172533
0 0.237693 0.593133 0.164576 0.175108
0 0.197491 0.468241 0.194209 0.127897
0 0.053402 0.478455 0.106805 0.033648
0 0.082529 0.593562 0.165058 0.212017
0 0.766699 0.657081 0.244594 0.157081
0 0.906998 0.584206 0.186004 0.216996
0 0.964044 0.707296 0.071911 0.120172
0 0.870415 0.809871 0.259170 0.251502
0 0.659508 0.823176 0.220560 0.259228
0 0.595657 0.671674 0.213513 0.126180
0 0.438634 0.686696 0.211245 0.128755
0 0.467664 0.852789 0.255792 0.266953
0 0.065879 0.732618 0.131757 0.103862
0 0.258688 0.722317 0.236487 0.155365
0 0.266892 0.878970 0.228764 0.242060
0 0.229006 0.974249 0.220560 0.051502
0 0.091940 0.885408 0.183880 0.229185
0 0.156259 0.169583 0.066535 0.039081
0 0.087927 0.142137 0.086230 0.040584
0 0.007336 0.174215 0.014672 0.015176
0 0.286762 0.050725 0.085773 0.079356
0 0.357372 0.210768 0.097708 0.070034
0 0.179752 0.301077 0.110101 0.085588
0 0.089179 0.298498 0.135319 0.076892
0 0.453798 0.366009 0.176187 0.133236
0 0.191361 0.234335 0.112452 0.085837
0 0.834191 0.981704 0.202515 0.036592
0 0.953381 0.957785 0.093238 0.084429
