0 0.775625 0.088047 0.105938 0.051094
0 0.763945 0.258593 0.138828 0.057813
0 0.832032 0.284375 0.151563 0.056250
0 0.650000 0.928906 0.301562 0.142188
0 0.347500 0.028438 0.140312 0.056875
0 0.892149 0.247109 0.148515 0.058906
0 0.463985 0.370312 0.182969 0.084375
0 0.389453 0.330078 0.164844 0.091406
0 0.330859 0.291015 0.139531 0.067969
0 0.248476 0.244532 0.180391 0.104687
0 0.225273 0.112500 0.077578 0.037500
0 0.274062 0.149219 0.105937 0.054688
0 0.373672 0.232031 0.157188 0.098438
0 0.318476 0.177343 0.141641 0.054687
0 0.324218 0.117969 0.117187 0.045313
0 0.278594 0.096094 0.115000 0.045312
0 0.237891 0.076094 0.114843 0.055312
0 0.137188 0.078125 0.129063 0.040624
0 0.862500 0.895312 0.275000 0.156250
0 0.967969 0.837500 0.064063 0.109375
0 0.913672 0.753907 0.172656 0.139063
0 0.754297 0.794531 0.272656 0.151563
0 0.553477 0.836719 0.286641 0.160938
0 0.336406 0.881250 0.297813 0.168750
0 0.108594 0.900000 0.217188 0.137500
0 0.078984 0.739062 0.157969 0.215625
0 0.034765 0.596875 0.069531 0.103126
0 0.114297 0.570312 0.219844 0.106249
0 0.203750 0.728125 0.304376 0.262500
0 0.578515 0.648438 0.300781 0.234375
0 0.770312 0.615625 0.289063 0.231250
0 0.900781 0.567968 0.198438 0.239063
0 0.936719 0.439063 0.126563 0.084375
0 0.972266 0.371874 0.055469 0.059375
0 0.985000 0.319531 0.030000 0.045312
0 0.950000 0.285937 0.100000 0.065625
0 0.975156 0.231251 0.049687 0.046875
0 0.963828 0.170235 0.072344 0.075157
0 0.919140 0.128985 0.124219 0.045469
0 0.853984 0.105469 0.117344 0.042187
0 0.942187 0.074218 0.115625 0.076563
0 0.984765 0.117969 0.030469 0.032813
0 0.855859 0.074219 0.055469 0.029688
0 0.737110 0.113282 0.108593 0.042187
0 0.801953 0.140624 0.117969 0.053125
0 0.900039 0.186719 0.179766 0.089063
0 0.761914 0.196094 0.160546 0.085938
0 0.691797 0.150782 0.122656 0.051563
0 0.636719 0.123438 0.100000 0.046875
0 0.666797 0.090624 0.110156 0.040625
0 0.589492 0.092188 0.046016 0.028125
0 0.507422 0.099062 0.161718 0.089375
0 0.566601 0.151562 0.134765 0.065625
0 0.639258 0.207890 0.175547 0.090781
0 0.615742 0.264062 0.163828 0.071875
0 0.666484 0.307813 0.105937 0.056251
0 0.776757 0.331251 0.210547 0.090625
0 0.149219 0.133594 0.164063 0.085938
0 0.184727 0.191406 0.128985 0.054688
0 0.113789 0.252187 0.182266 0.095000
0 0.204570 0.315624 0.156016 0.071875
0 0.247930 0.357812 0.183203 0.075313
0 0.305000 0.390625 0.170156 0.053124
0 0.395390 0.435157 0.192031 0.073437
0 0.486406 0.509375 0.192812 0.100000
0 0.300078 0.511328 0.273594 0.197344
0 0.146875 0.475781 0.053124 0.092187
0 0.077734 0.498437 0.155469 0.093750
0 0.795977 0.464765 0.186171 0.101407
0 0.868555 0.387500 0.172266 0.071876
0 0.133985 0.409375 0.182031 0.103126
0 0.757031 0.982031 0.223438 0.035937
0 0.031250 0.428906 0.062500 0.054688
0 0.080469 0.375781 0.157812 0.076562
0 0.066250 0.317890 0.132500 0.092031
0 0.024414 0.246875 0.048828 0.056250
0 0.066016 0.189375 0.132031 0.077500
0 0.054141 0.131249 0.108281 0.071875
0 0.045782 0.087032 0.091563 0.039063
0 0.499961 0.217969 0.157890 0.095312
0 0.044532 0.038282 0.089063 0.076563
0 0.131250 0.035156 0.167188 0.070312
0 0.250781 0.031250 0.109375 0.062500
0 0.454336 0.053906 0.109610 0.042187
0 0.346328 0.060938 0.105156 0.040625
0 0.382657 0.086719 0.099687 0.045313
0 0.406641 0.105625 0.046094 0.042500
0 0.373047 0.140625 0.094531 0.046874
0 0.443750 0.159375 0.132812 0.065626
0 0.475781 0.282266 0.140625 0.066719
0 0.557032 0.319532 0.159375 0.057813
0 0.628985 0.367969 0.156407 0.070312
0 0.554414 0.424999 0.185390 0.084375
0 0.639023 0.491875 0.212579 0.118126
0 0.719922 0.406250 0.175782 0.075000
0 0.417579 0.950781 0.294531 0.098437
0 0.181640 0.973437 0.219531 0.053125
0 0.391719 0.689063 0.302500 0.250000
0 0.933125 0.340469 0.118126 0.068438
0 0.036719 0.957031 0.073438 0.085938
0 0.948047 0.008594 0.103906 0.017188
0 0.746875 0.010157 0.120312 0.020313
0 0.824766 0.054688 0.114687 0.043750
0 0.930898 0.036406 0.127421 0.047813
0 0.851914 0.021875 0.089922 0.037500
0 0.761016 0.034140 0.103281 0.046407
0 0.663242 0.032266 0.092266 0.044844
0 0.638281 0.015703 0.096875 0.031406
0 0.543359 0.011719 0.108593 0.023438
0 0.446094 0.021094 0.126563 0.042188
0 0.606250 0.062500 0.115624 0.056250
0 0.554531 0.039062 0.109687 0.043749
0 0.714453 0.059375 0.100782 0.043750
0 0.927344 0.955469 0.145312 0.089063
