0 0.168628 0.681868 0.208350 0.215751
0 0.824316 0.908937 0.224414 0.182125
0 0.992188 0.761173 0.015625 0.096703
0 0.875733 0.647620 0.210449 0.174359
0 0.964624 0.625861 0.070752 0.154872
0 0.983716 0.527326 0.032568 0.045128
0 0.886059 0.548718 0.169873 0.084542
0 0.891601 0.456776 0.184571 0.145787
0 0.974903 0.433077 0.050195 0.141904
0 0.985547 0.346520 0.028906 0.033700
0 0.918017 0.380659 0.123047 0.085568
0 0.881617 0.301758 0.136963 0.119560
0 0.982666 0.297179 0.034668 0.097655
0 0.973413 0.228571 0.053174 0.076191
0 0.965576 0.142528 0.068848 0.087107
0 0.917871 0.171538 0.156446 0.116997
0 0.805469 0.181246 0.147070 0.090257
0 0.894775 0.263553 0.147949 0.121246
0 0.678589 0.169598 0.131201 0.113553
0 0.640186 0.104762 0.123145 0.082052
0 0.629370 0.067143 0.133740 0.082710
0 0.514454 0.071868 0.130469 0.070476
0 0.361328 0.033663 0.092774 0.067326
0 0.399659 0.022674 0.017383 0.045348
0 0.261035 0.024469 0.110938 0.048938
0 0.123486 0.013919 0.083887 0.027839
0 0.046875 0.046886 0.093750 0.093773
0 0.114795 0.060074 0.102148 0.060073
0 0.114428 0.149817 0.124365 0.136996
0 0.059326 0.119926 0.073242 0.090403
0 0.013086 0.121465 0.026172 0.040440
0 0.022510 0.174066 0.045020 0.071208
0 0.014892 0.209231 0.029785 0.056264
0 0.046509 0.294469 0.093018 0.125934
0 0.033936 0.340183 0.067871 0.104835
0 0.059765 0.446154 0.119531 0.140220
0 0.025219 0.494762 0.050439 0.129744
0 0.041504 0.618461 0.083008 0.171135
0 0.721753 0.662931 0.213720 0.169377
0 0.596484 0.452601 0.180176 0.147692
0 0.451294 0.463809 0.188232 0.150769
0 0.457104 0.393736 0.140381 0.076117
0 0.618628 0.373663 0.161182 0.112308
0 0.769336 0.349853 0.183204 0.128131
0 0.730322 0.302088 0.147266 0.082710
0 0.771143 0.254945 0.132422 0.104030
0 0.741578 0.039047 0.113037 0.078095
0 0.620534 0.027707 0.107427 0.055414
0 0.601333 0.017249 0.167022 0.034498
0 0.315166 0.102125 0.143858 0.111825
0 0.397410 0.098359 0.111704 0.106520
0 0.840552 0.030367 0.102100 0.060733
0 0.808642 0.049561 0.074903 0.035677
0 0.800439 0.090733 0.136035 0.106740
0 0.795337 0.137070 0.107276 0.050843
0 0.586914 0.197143 0.129882 0.100952
0 0.552759 0.156264 0.141650 0.102564
0 0.516772 0.109048 0.128271 0.100000
0 0.587915 0.265495 0.158936 0.123663
0 0.163818 0.928937 0.224121 0.142125
0 0.071045 0.872528 0.142090 0.254945
0 0.259277 0.847912 0.234375 0.264616
0 0.546631 0.656813 0.191894 0.213114
0 0.636352 0.909524 0.243409 0.180952
0 0.457373 0.845055 0.219043 0.227838
0 0.708838 0.813260 0.218457 0.145641
0 0.884082 0.772161 0.198632 0.089377
0 0.377124 0.681685 0.198876 0.207326
0 0.191016 0.110549 0.118359 0.104029
0 0.730493 0.551648 0.149756 0.099194
0 0.327051 0.387252 0.120508 0.062125
0 0.484424 0.344286 0.161914 0.073333
0 0.916284 0.041685 0.098291 0.050110
0 0.912329 0.071026 0.136572 0.085787
0 0.449389 0.209634 0.130517 0.117875
0 0.454224 0.270879 0.111279 0.093406
0 0.353589 0.159158 0.123096 0.100587
0 0.202539 0.220037 0.133204 0.114505
0 0.168262 0.302857 0.132422 0.106374
0 0.266382 0.296337 0.097314 0.125274
0 0.326757 0.192015 0.134961 0.074432
0 0.232007 0.169890 0.092920 0.076337
0 0.161597 0.034945 0.091162 0.051722
0 0.238941 0.072234 0.073193 0.080000
0 0.145215 0.343407 0.142969 0.124909
0 0.194263 0.413041 0.129150 0.109451
0 0.311524 0.480440 0.192383 0.160000
0 0.381445 0.573627 0.156055 0.126887
0 0.207056 0.609304 0.182666 0.180660
0 0.582080 0.560000 0.185450 0.119560
0 0.747192 0.462747 0.182471 0.165055
0 0.142539 0.488927 0.172178 0.166982
0 0.082133 0.224806 0.133047 0.122930
0 0.376294 0.300403 0.160205 0.151136
0 0.577588 0.294872 0.134668 0.061099
0 0.981739 0.068242 0.036523 0.067619
0 0.941431 0.026923 0.117139 0.053846
