0 0.506250 0.605556 0.291666 0.196297
0 0.810764 0.845371 0.378472 0.305555
0 0.579341 0.388935 0.139931 0.090648
0 0.774201 0.473056 0.233541 0.157593
0 0.668750 0.502453 0.229584 0.161759
0 0.499652 0.415185 0.139583 0.112222
0 0.317188 0.430463 0.182987 0.098334
0 0.365973 0.469445 0.198611 0.111111
0 0.422361 0.524537 0.246944 0.139814
0 0.627778 0.701852 0.322222 0.255556
0 0.352159 0.182190 0.046903 0.038268
0 0.543681 0.240195 0.079500 0.036777
0 0.264583 0.267917 0.048958 0.039907
0 0.789805 0.174074 0.074333 0.044000
0 0.938611 0.225232 0.060556 0.043981
0 0.913646 0.218056 0.089792 0.043519
0 0.973264 0.229630 0.053472 0.053703
0 0.482396 0.275509 0.085070 0.054537
0 0.450104 0.269768 0.071042 0.049907
0 0.419098 0.266945 0.067361 0.043889
0 0.501737 0.240000 0.046389 0.022038
0 0.578715 0.247361 0.068264 0.034352
0 0.616875 0.252731 0.075834 0.039167
0 0.650799 0.262638 0.075209 0.037685
0 0.702535 0.266204 0.096875 0.047222
0 0.984069 0.189004 0.031861 0.026065
0 0.956847 0.179648 0.075917 0.032111
0 0.977569 0.163260 0.044861 0.024889
0 0.991569 0.151047 0.016861 0.010685
0 0.821132 0.129936 0.024652 0.010741
0 0.781361 0.134972 0.011666 0.011667
0 0.690681 0.146500 0.024583 0.017870
0 0.642937 0.138444 0.031041 0.018055
0 0.591277 0.162694 0.031597 0.019074
0 0.591452 0.147509 0.018473 0.011852
0 0.578465 0.150703 0.024583 0.013241
0 0.546104 0.160056 0.033056 0.020093
0 0.519402 0.157231 0.019653 0.013889
0 0.511556 0.159685 0.010486 0.011574
0 0.497771 0.173343 0.010278 0.016111
0 0.467979 0.170083 0.057917 0.045463
0 0.424229 0.179204 0.034028 0.022778
0 0.391000 0.183047 0.035764 0.023981
0 0.323226 0.194018 0.032424 0.022037
0 0.272076 0.200917 0.047917 0.023796
0 0.299681 0.191750 0.036597 0.033426
0 0.085219 0.215037 0.049799 0.026666
0 0.030073 0.211306 0.049702 0.029333
0 0.276312 0.250722 0.057417 0.031222
0 0.228007 0.258139 0.038472 0.033796
0 0.175809 0.333833 0.124174 0.058296
0 0.156854 0.321921 0.122292 0.055769
0 0.112701 0.314468 0.078431 0.053639
0 0.195344 0.347579 0.131882 0.063713
0 0.214965 0.363750 0.145347 0.069908
0 0.242708 0.381250 0.157639 0.080092
0 0.278125 0.403658 0.171528 0.087129
0 0.513333 0.285787 0.091111 0.059537
0 0.554028 0.297686 0.102500 0.065741
0 0.603403 0.307963 0.116250 0.071112
0 0.649409 0.321759 0.114097 0.078704
0 0.702257 0.338518 0.117708 0.082223
0 0.777430 0.351621 0.137223 0.094907
0 0.751979 0.275926 0.097708 0.053148
0 0.811840 0.281019 0.123958 0.065741
0 0.893923 0.294907 0.121875 0.069445
0 0.956771 0.309722 0.086458 0.075000
0 0.872396 0.373009 0.161458 0.107685
0 0.948959 0.398611 0.102083 0.126852
0 0.585139 0.216297 0.056111 0.032593
0 0.216112 0.284629 0.048889 0.049259
0 0.182812 0.270417 0.044791 0.046204
0 0.257951 0.301759 0.062014 0.055556
0 0.313577 0.282129 0.064653 0.036111
0 0.377361 0.309953 0.084306 0.051389
0 0.318090 0.327037 0.081597 0.070000
0 0.011909 0.329862 0.023819 0.024537
0 0.057639 0.402778 0.115278 0.037037
0 0.084375 0.436574 0.168750 0.054630
0 0.099653 0.485648 0.199306 0.082408
0 0.119097 0.553704 0.238194 0.114815
0 0.140278 0.680555 0.280556 0.196297
0 0.185417 0.845834 0.370833 0.308333
0 0.325000 0.939815 0.475000 0.120370
0 0.045833 0.367453 0.091667 0.055833
0 0.393785 0.369167 0.097292 0.083889
0 0.467396 0.338148 0.103403 0.061296
