0 0.295679 0.498636 0.170880 0.158121
0 0.838456 0.953523 0.137149 0.092953
0 0.593284 0.651007 0.207463 0.125280
0 0.761045 0.602685 0.202985 0.104698
0 0.933582 0.717002 0.132836 0.230425
0 0.658209 0.802014 0.262686 0.225951
0 0.416418 0.678971 0.188060 0.140940
0 0.229104 0.725951 0.228359 0.176734
0 0.062687 0.757270 0.125373 0.190157
0 0.048508 0.889261 0.097015 0.221477
0 0.215672 0.865772 0.228358 0.268456
0 0.166985 0.319978 0.121970 0.124564
0 0.883641 0.236510 0.157761 0.100672
0 0.924060 0.062662 0.088507 0.059284
0 0.815888 0.738031 0.251626 0.258076
0 0.461388 0.848971 0.276686 0.239821
0 0.190881 0.266622 0.121791 0.105146
0 0.482806 0.152551 0.117492 0.096913
0 0.848866 0.116599 0.124119 0.084295
0 0.871880 0.180895 0.111761 0.058792
0 0.917015 0.601790 0.165970 0.098434
0 0.982015 0.564877 0.035970 0.046980
0 0.836418 0.435123 0.174926 0.140940
0 0.941194 0.419463 0.117612 0.149888
0 0.816418 0.343400 0.146268 0.100671
0 0.938806 0.323266 0.122388 0.087248
0 0.960298 0.225056 0.079403 0.118120
0 0.944179 0.109620 0.111642 0.093960
0 0.933582 0.021253 0.120896 0.042506
0 0.846268 0.038032 0.104477 0.076063
0 0.760448 0.041387 0.105970 0.082774
0 0.682835 0.042506 0.108955 0.085011
0 0.601492 0.045861 0.101493 0.073825
0 0.426119 0.060403 0.088059 0.067114
0 0.332090 0.065548 0.091045 0.088143
0 0.245523 0.071588 0.091045 0.085011
0 0.162687 0.074385 0.098507 0.086130
0 0.071179 0.145056 0.113732 0.100224
0 0.046038 0.187897 0.092075 0.104474
0 0.180299 0.130604 0.112239 0.078926
0 0.293657 0.124642 0.094776 0.079262
0 0.265388 0.171510 0.114776 0.104050
0 0.157716 0.180537 0.110895 0.095034
0 0.065746 0.268635 0.131493 0.097942
0 0.303209 0.305850 0.125522 0.122080
0 0.050246 0.324530 0.099299 0.118233
0 0.068112 0.441018 0.136224 0.134072
0 0.029530 0.544060 0.059060 0.158725
0 0.120859 0.515571 0.181179 0.167203
0 0.402776 0.106957 0.080298 0.056823
0 0.486731 0.104944 0.092985 0.060402
0 0.574194 0.095995 0.092686 0.058613
0 0.579268 0.147338 0.113881 0.093736
0 0.664717 0.083356 0.089553 0.048546
0 0.757702 0.124407 0.113135 0.084116
0 0.668075 0.135481 0.110597 0.099552
0 0.770911 0.192863 0.136567 0.068903
0 0.767328 0.253043 0.142836 0.112305
0 0.664567 0.263557 0.125074 0.120358
0 0.547925 0.278859 0.135582 0.120268
0 0.391299 0.164631 0.120000 0.094228
0 0.433388 0.230805 0.118568 0.084295
0 0.432134 0.288926 0.116776 0.131275
0 0.452433 0.037103 0.140388 0.074206
0 0.408873 0.014284 0.055478 0.028568
0 0.991485 0.044933 0.017030 0.031879
0 0.237403 0.038971 0.109104 0.055034
0 0.120917 0.056409 0.080821 0.075369
0 0.036821 0.062528 0.073642 0.096644
0 0.117821 0.020750 0.135224 0.041499
0 0.211925 0.014821 0.105821 0.029642
0 0.298985 0.015995 0.058926 0.031991
0 0.344739 0.035325 0.069120 0.070649
0 0.215963 0.425839 0.174612 0.145727
0 0.358716 0.413446 0.132059 0.137181
0 0.477747 0.378848 0.139015 0.098994
0 0.604896 0.369385 0.134895 0.090805
0 0.698649 0.449698 0.194373 0.149822
0 0.564179 0.468277 0.184150 0.147114
0 0.439298 0.483792 0.173941 0.153088
0 0.563038 0.028300 0.082791 0.056600
