0 0.160458 0.018056 0.071750 0.036112
0 0.919291 0.095000 0.060083 0.055000
0 0.979250 0.091250 0.041500 0.047500
0 0.953750 0.122500 0.050834 0.057500
0 0.966250 0.343125 0.067500 0.091250
0 0.891250 0.314500 0.075834 0.091000
0 0.699792 0.137125 0.070750 0.060250
0 0.682084 0.098125 0.060833 0.066250
0 0.729542 0.162312 0.072583 0.067125
0 0.761250 0.200000 0.065834 0.072500
0 0.792500 0.251875 0.070000 0.076250
0 0.831250 0.291875 0.074166 0.081250
0 0.902208 0.256563 0.115583 0.080625
0 0.855417 0.202188 0.107500 0.062625
0 0.825125 0.158250 0.094084 0.060750
0 0.789167 0.124125 0.089000 0.055750
0 0.763875 0.096625 0.084416 0.049000
0 0.742625 0.071250 0.071916 0.045000
0 0.721708 0.049188 0.077583 0.040375
0 0.661000 0.073187 0.062000 0.058625
0 0.647517 0.048063 0.054667 0.049250
0 0.630808 0.025288 0.059583 0.050575
0 0.992038 0.269456 0.015925 0.045812
0 0.997300 0.120975 0.005400 0.022325
0 0.706975 0.024744 0.072716 0.045787
0 0.682546 0.011725 0.057842 0.023450
0 0.612571 0.012050 0.031358 0.024100
0 0.935433 0.020475 0.075750 0.040950
0 0.896175 0.011187 0.045100 0.022375
0 0.844712 0.022744 0.067109 0.045488
0 0.800887 0.010431 0.027541 0.020863
0 0.098446 0.409143 0.131842 0.118713
0 0.084362 0.491056 0.156209 0.134788
0 0.093863 0.537838 0.157941 0.140750
0 0.162083 0.008493 0.081333 0.016987
0 0.162334 0.029863 0.067167 0.031501
0 0.150500 0.055487 0.085666 0.039500
0 0.152000 0.083113 0.086500 0.053500
0 0.276292 0.060862 0.076250 0.049500
0 0.300375 0.009000 0.031750 0.018000
0 0.277083 0.013125 0.072500 0.026250
0 0.278417 0.035000 0.080167 0.045000
0 0.019584 0.027500 0.039167 0.047250
0 0.073416 0.052187 0.038333 0.051875
0 0.013041 0.263750 0.026083 0.080000
0 0.093333 0.183750 0.096667 0.065000
0 0.145000 0.242063 0.111666 0.089125
0 0.133166 0.294438 0.122167 0.090875
0 0.127708 0.331562 0.121250 0.098125
0 0.047500 0.915625 0.095000 0.168750
0 0.048334 0.797500 0.096667 0.112500
0 0.072916 0.665063 0.145833 0.184875
0 0.535417 0.446250 0.127500 0.112500
0 0.527500 0.386875 0.110000 0.091250
0 0.517500 0.326875 0.123334 0.093750
0 0.489167 0.266250 0.110000 0.077500
0 0.360250 0.206250 0.090500 0.067500
0 0.474167 0.195563 0.088333 0.071375
0 0.462500 0.148250 0.086666 0.062000
0 0.438542 0.123062 0.087083 0.052375
0 0.443667 0.092375 0.084333 0.057750
0 0.435791 0.065188 0.079917 0.040375
0 0.502458 0.021875 0.066750 0.043750
0 0.498416 0.032625 0.054833 0.037750
0 0.484584 0.048937 0.074167 0.050375
0 0.512166 0.081125 0.084167 0.052750
0 0.591250 0.261250 0.104166 0.065000
0 0.579417 0.217438 0.098833 0.059875
0 0.557791 0.177687 0.090417 0.059625
0 0.537791 0.148062 0.085583 0.053875
0 0.710834 0.778125 0.138333 0.211250
0 0.608750 0.726250 0.125834 0.167500
0 0.520416 0.616250 0.149167 0.132500
0 0.460000 0.675625 0.146666 0.153750
0 0.412083 0.756875 0.162500 0.176250
0 0.542500 0.536250 0.143334 0.122500
0 0.539250 0.115375 0.081500 0.055000
0 0.719167 0.627500 0.165000 0.127500
0 0.694167 0.516250 0.171667 0.130000
0 0.689375 0.451250 0.129584 0.082500
0 0.665417 0.379375 0.142500 0.083750
0 0.601875 0.315688 0.106250 0.068625
0 0.965792 0.060250 0.068417 0.053000
0 0.944666 0.038000 0.072333 0.040500
0 0.869750 0.039188 0.049500 0.049125
0 0.893125 0.065000 0.049584 0.050000
