0 0.522266 0.659375 0.410156 0.301250
0 0.285875 0.110925 0.114610 0.058225
0 0.888867 0.304737 0.075797 0.046975
0 0.457449 0.502450 0.443227 0.147100
0 0.410586 0.598500 0.422734 0.315500
0 0.340234 0.497500 0.338281 0.297500
0 0.736602 0.336250 0.262265 0.090000
0 0.530078 0.051250 0.061718 0.040000
0 0.610977 0.079375 0.104609 0.043750
0 0.656640 0.310625 0.280469 0.081250
0 0.470859 0.357938 0.271093 0.043375
0 0.069140 0.031250 0.060157 0.027500
0 0.853711 0.097500 0.088672 0.079250
0 0.615938 0.445000 0.224375 0.152500
0 0.050938 0.022312 0.073593 0.044625
0 0.973554 0.240887 0.052891 0.059025
0 0.648691 0.291881 0.319836 0.086738
0 0.931117 0.315175 0.137766 0.089950
0 0.713152 0.091343 0.127992 0.034463
0 0.572817 0.111756 0.163133 0.055213
0 0.463520 0.218081 0.178945 0.063437
0 0.577961 0.288550 0.257250 0.095976
0 0.872161 0.269307 0.214305 0.076613
0 0.932735 0.209475 0.134531 0.060950
0 0.718433 0.189688 0.188227 0.051001
0 0.754524 0.231975 0.161187 0.041624
0 0.780687 0.241194 0.147031 0.036138
0 0.979343 0.097657 0.041313 0.035613
0 0.923379 0.116087 0.153242 0.075900
0 0.088774 0.103288 0.177547 0.097551
0 0.161523 0.220100 0.323047 0.142650
0 0.132215 0.233125 0.245742 0.082650
0 0.312648 0.208469 0.195157 0.058787
0 0.161957 0.297893 0.323914 0.193137
0 0.130992 0.176062 0.261984 0.082200
0 0.129223 0.157269 0.222867 0.065488
0 0.131230 0.151444 0.246461 0.084363
0 0.188277 0.087375 0.164883 0.061450
0 0.057586 0.149962 0.115172 0.100975
0 0.195312 0.341250 0.235937 0.167500
0 0.023707 0.152762 0.047414 0.023700
0 0.681199 0.074757 0.044148 0.017663
0 0.806070 0.186350 0.170797 0.071676
0 0.852602 0.174219 0.130015 0.060238
0 0.766196 0.139281 0.126531 0.052988
0 0.727547 0.109419 0.146406 0.050863
0 0.621508 0.183713 0.149328 0.064650
0 0.636942 0.134119 0.143055 0.061838
0 0.559891 0.125081 0.105406 0.050988
0 0.595906 0.156800 0.169406 0.078300
0 0.623879 0.195956 0.050726 0.028913
0 0.334145 0.145156 0.103649 0.042962
0 0.417090 0.146950 0.198774 0.047350
0 0.458121 0.176082 0.171414 0.042963
0 0.449965 0.185312 0.127492 0.032525
0 0.411691 0.163025 0.179945 0.044176
0 0.057828 0.081881 0.115656 0.076138
0 0.127852 0.048875 0.105109 0.019750
0 0.938980 0.149969 0.122039 0.069787
0 0.772133 0.122800 0.151000 0.047850
0 0.504949 0.080969 0.111055 0.034462
0 0.529629 0.100719 0.137820 0.061237
0 0.339203 0.067587 0.130500 0.027775
0 0.368172 0.080469 0.159578 0.026762
0 0.459766 0.048750 0.077343 0.067500
0 0.810937 0.404375 0.206250 0.116250
0 0.864453 0.417500 0.271094 0.182500
0 0.856641 0.486250 0.286719 0.110000
0 0.878125 0.551250 0.243750 0.045000
0 0.919258 0.520813 0.161484 0.069125
0 0.319024 0.330000 0.244297 0.075000
0 0.133594 0.503750 0.264062 0.272500
0 0.716016 0.697500 0.413281 0.312500
0 0.821094 0.768125 0.357812 0.391250
0 0.525637 0.268074 0.167649 0.072675
0 0.630543 0.227918 0.125992 0.036537
0 0.692781 0.206231 0.134016 0.035738
0 0.501164 0.243781 0.193000 0.081912
0 0.301239 0.241731 0.207055 0.036937
0 0.355199 0.287513 0.217086 0.094775
0 0.365973 0.122300 0.223367 0.076300
