0 0.665629 0.318949 0.115816 0.123827
0 0.891657 0.942777 0.216687 0.114447
0 0.663760 0.982177 0.139477 0.035647
0 0.976338 0.629456 0.047323 0.095684
0 0.892092 0.560037 0.174222 0.136961
0 0.957659 0.527767 0.084682 0.113696
0 0.789539 0.573171 0.179328 0.189493
0 0.676837 0.647280 0.158157 0.138837
0 0.825031 0.736398 0.180573 0.204503
0 0.924720 0.713884 0.150560 0.170732
0 0.709839 0.811445 0.191781 0.181989
0 0.564134 0.666980 0.171855 0.155723
0 0.437110 0.694184 0.169365 0.157598
0 0.563511 0.827392 0.188045 0.225140
0 0.429639 0.857411 0.174346 0.221388
0 0.309465 0.728893 0.158157 0.204502
0 0.289539 0.882270 0.198008 0.235460
0 0.157534 0.787992 0.140722 0.165103
0 0.030697 0.817073 0.061395 0.170732
0 0.114571 0.900187 0.201743 0.199625
0 0.020548 0.955816 0.041096 0.088368
0 0.963885 0.384615 0.072229 0.120075
0 0.838730 0.418386 0.153176 0.127579
0 0.649191 0.461538 0.172603 0.146341
0 0.432130 0.507505 0.204235 0.166979
0 0.190535 0.578800 0.209215 0.144465
0 0.041718 0.464353 0.083437 0.136961
0 0.054857 0.365853 0.089788 0.123827
0 0.150685 0.424296 0.127024 0.164541
0 0.265255 0.406192 0.134496 0.155723
0 0.359776 0.375235 0.139726 0.157599
0 0.465754 0.361163 0.119551 0.129456
0 0.561643 0.347655 0.132005 0.122702
0 0.746700 0.305441 0.118058 0.105816
0 0.856974 0.279174 0.142341 0.135835
0 0.953300 0.278612 0.093400 0.103189
0 0.979701 0.219512 0.040598 0.033771
0 0.986301 0.121951 0.027397 0.041276
0 0.969490 0.170732 0.061021 0.063790
0 0.916874 0.197937 0.116438 0.095685
0 0.846824 0.205441 0.102117 0.106942
0 0.745081 0.211819 0.125280 0.112195
0 0.644707 0.227955 0.106351 0.091932
0 0.570859 0.257317 0.121046 0.105628
0 0.465629 0.259850 0.100124 0.099437
0 0.387298 0.295872 0.127023 0.111445
0 0.264944 0.315854 0.096264 0.087617
0 0.160025 0.335366 0.130760 0.137898
0 0.041718 0.250469 0.083437 0.099438
0 0.016189 0.162289 0.032379 0.084428
0 0.021170 0.083489 0.042341 0.080675
0 0.067497 0.150094 0.104110 0.108818
0 0.145703 0.141464 0.104607 0.095309
0 0.240348 0.119700 0.099627 0.102064
0 0.203985 0.207411 0.165629 0.118012
0 0.323661 0.109006 0.112329 0.089681
0 0.434620 0.093808 0.117061 0.116323
0 0.507970 0.094934 0.077460 0.083302
0 0.540224 0.156379 0.146451 0.107504
0 0.687423 0.136117 0.132005 0.095497
0 0.814882 0.108818 0.128393 0.101314
0 0.906040 0.066886 0.155542 0.102627
0 0.895143 0.018387 0.105106 0.036773
0 0.768992 0.013133 0.053549 0.026266
0 0.828767 0.020638 0.073474 0.041276
0 0.078331 0.084147 0.090411 0.081989
0 0.166376 0.068011 0.091408 0.103752
0 0.249440 0.057224 0.086675 0.076923
0 0.330885 0.047843 0.098879 0.095685
0 0.417123 0.033209 0.102740 0.066417
0 0.479141 0.033396 0.090037 0.066792
0 0.557410 0.032364 0.081445 0.064728
0 0.615317 0.088555 0.097385 0.108067
0 0.710834 0.050000 0.112578 0.085742
0 0.628954 0.013696 0.074844 0.027392
0 0.643400 0.053846 0.086550 0.085178
0 0.087858 0.019700 0.117684 0.039400
0 0.173350 0.012195 0.062764 0.024390
0 0.382317 0.187617 0.141967 0.101313
