0 0.906000 0.629147 0.188000 0.149289
0 0.969734 0.683650 0.060533 0.063981
0 0.918667 0.438389 0.162667 0.222749
0 0.842867 0.392180 0.264400 0.220379
0 0.715200 0.347156 0.270400 0.220379
0 0.592200 0.310426 0.253734 0.208531
0 0.479333 0.265403 0.246667 0.199052
0 0.364000 0.227133 0.242666 0.199763
0 0.262533 0.187204 0.242400 0.189574
0 0.136267 0.150474 0.243200 0.191943
0 0.079934 0.112559 0.159867 0.182464
0 0.114000 0.015403 0.126666 0.030806
0 0.364667 0.010663 0.081333 0.021327
0 0.470000 0.028436 0.158666 0.056872
0 0.234266 0.033294 0.190133 0.066588
0 0.329933 0.055924 0.184667 0.085782
0 0.640333 0.017773 0.124667 0.035545
0 0.871800 0.013388 0.095866 0.026777
0 0.953534 0.026066 0.092933 0.052133
0 0.945666 0.091706 0.108667 0.093365
0 0.809333 0.958531 0.362667 0.082938
0 0.884600 0.934834 0.230800 0.130332
0 0.986667 0.861374 0.026667 0.063981
0 0.896134 0.790285 0.207733 0.177725
0 0.728333 0.731043 0.307333 0.187204
0 0.556200 0.655213 0.288400 0.158768
0 0.404667 0.593602 0.278667 0.149289
0 0.124600 0.491706 0.249200 0.158768
0 0.050534 0.417062 0.101067 0.099526
0 0.084000 0.619668 0.168000 0.163507
0 0.185866 0.661137 0.275733 0.123223
0 0.374667 0.716825 0.242667 0.101896
0 0.535600 0.778436 0.248800 0.092418
0 0.710266 0.870853 0.265867 0.149289
0 0.533733 0.966587 0.280800 0.066825
0 0.347667 0.882702 0.474000 0.234597
0 0.070000 0.984597 0.140000 0.030806
0 0.046067 0.753555 0.092133 0.104265
0 0.271334 0.540284 0.238667 0.142180
0 0.184000 0.838863 0.368000 0.279621
0 0.068533 0.302133 0.137067 0.154029
0 0.190800 0.360308 0.229600 0.123460
0 0.316667 0.413508 0.244000 0.135071
0 0.470133 0.458531 0.233600 0.120853
0 0.598400 0.517772 0.268800 0.144549
0 0.773867 0.571090 0.243733 0.142180
0 0.576667 0.046090 0.162400 0.087914
0 0.541266 0.126540 0.174533 0.083412
0 0.437200 0.092417 0.170400 0.080568
0 0.030333 0.020142 0.060667 0.040284
0 0.870533 0.060427 0.151467 0.082939
0 0.761533 0.037323 0.157467 0.074645
0 0.678933 0.079858 0.184000 0.088626
0 0.654000 0.166469 0.185066 0.088389
0 0.784800 0.111493 0.170400 0.080332
0 0.771000 0.196920 0.202000 0.087203
0 0.898734 0.143010 0.173467 0.085545
0 0.897533 0.236849 0.200400 0.099289
0 0.959866 0.277369 0.080267 0.099763
0 0.960800 0.184952 0.078400 0.090285
