0 0.570308 0.297281 0.194917 0.126267
0 0.479158 0.276081 0.158800 0.120725
0 0.405112 0.252274 0.147575 0.113674
0 0.343425 0.232460 0.139966 0.112119
0 0.283029 0.215104 0.137375 0.108133
0 0.227905 0.197281 0.141525 0.108133
0 0.168550 0.178697 0.131334 0.106607
0 0.114809 0.161652 0.127533 0.099541
0 0.069709 0.147830 0.120267 0.098919
0 0.041162 0.128163 0.082325 0.093392
0 0.498492 0.111659 0.116350 0.089096
0 0.440821 0.100140 0.118508 0.087037
0 0.392079 0.084778 0.113758 0.082948
0 0.342829 0.073637 0.112608 0.080134
0 0.295237 0.061356 0.104975 0.075511
0 0.248221 0.051370 0.100508 0.078593
0 0.207184 0.042541 0.100517 0.077822
0 0.163767 0.035185 0.093167 0.070370
0 0.116533 0.028311 0.085967 0.056622
0 0.271075 0.007200 0.055566 0.014400
0 0.323225 0.013837 0.072366 0.027674
0 0.407042 0.006992 0.032600 0.013985
0 0.360721 0.016866 0.065492 0.033733
0 0.408587 0.028504 0.069641 0.035022
0 0.456796 0.038341 0.079658 0.038104
0 0.666837 0.087348 0.099875 0.044563
0 0.608517 0.073822 0.103850 0.044533
0 0.561167 0.062303 0.080700 0.044845
0 0.508896 0.048934 0.077758 0.043319
0 0.555983 0.126503 0.126667 0.083555
0 0.615358 0.143244 0.119550 0.089393
0 0.726379 0.102852 0.101758 0.047926
0 0.679279 0.160607 0.126142 0.097067
0 0.750387 0.173504 0.138759 0.100755
0 0.688955 0.262756 0.127175 0.111526
0 0.615079 0.216207 0.130808 0.057748
0 0.542767 0.198103 0.133750 0.061393
0 0.490405 0.182881 0.100225 0.058059
0 0.427163 0.166748 0.101259 0.058978
0 0.366079 0.151696 0.095558 0.057763
0 0.310608 0.134497 0.092450 0.052845
0 0.254275 0.120822 0.085534 0.055600
0 0.157075 0.092563 0.080184 0.050696
0 0.108863 0.078889 0.079491 0.046696
0 0.015466 0.090823 0.030933 0.036163
0 0.064767 0.066140 0.080800 0.039007
0 0.031621 0.054007 0.063242 0.044845
0 0.011059 0.037733 0.022117 0.027171
0 0.075946 0.024393 0.080692 0.048785
0 0.205633 0.105014 0.087433 0.049733
0 0.029375 0.017941 0.058750 0.035881
0 0.450584 0.010815 0.054167 0.021630
0 0.501937 0.015326 0.073859 0.030652
0 0.553238 0.020703 0.095309 0.041407
0 0.610504 0.028385 0.101608 0.056770
0 0.662950 0.034348 0.105584 0.063896
0 0.715483 0.043711 0.102467 0.062356
0 0.773791 0.059844 0.119583 0.072489
0 0.859163 0.044459 0.087441 0.075526
0 0.929450 0.012660 0.070250 0.025319
0 0.971642 0.017889 0.056717 0.035778
0 0.926783 0.041756 0.076917 0.046503
0 0.812975 0.115570 0.112666 0.052474
0 0.823167 0.187578 0.146533 0.102593
0 0.897212 0.201400 0.150159 0.096460
0 0.947700 0.218911 0.104600 0.099540
0 0.986063 0.255393 0.027875 0.052474
0 0.979537 0.152978 0.040925 0.043882
0 0.933879 0.138074 0.094175 0.044296
0 0.976658 0.105333 0.046683 0.056533
0 0.942821 0.099029 0.114358 0.081407
0 0.971404 0.051363 0.057192 0.040326
0 0.883763 0.085726 0.110591 0.084489
0 0.365875 0.378815 0.193584 0.096592
0 0.295000 0.352592 0.148500 0.094815
0 0.212291 0.315556 0.140417 0.074074
0 0.147750 0.294222 0.148166 0.084741
0 0.081667 0.271112 0.151000 0.077037
0 0.049709 0.250370 0.099417 0.071111
0 0.019584 0.217186 0.039167 0.043259
0 0.036791 0.318889 0.073583 0.060000
0 0.053750 0.382222 0.107500 0.130370
0 0.119000 0.409629 0.218000 0.161481
0 0.177084 0.451851 0.190833 0.151111
0 0.268334 0.486667 0.216667 0.155555
0 0.462917 0.437778 0.219167 0.149630
0 0.638333 0.505926 0.203333 0.158518
0 0.748333 0.525926 0.258333 0.130370
0 0.949167 0.597037 0.101667 0.121482
0 0.894166 0.764444 0.211667 0.216297
0 0.788334 0.699260 0.283333 0.225185
0 0.652500 0.655556 0.223334 0.194074
0 0.451250 0.565186 0.237500 0.173333
0 0.049167 0.644444 0.098333 0.174815
0 0.373500 0.879555 0.312000 0.203555
0 0.239583 0.832593 0.277500 0.228148
0 0.160250 0.747408 0.312166 0.179259
0 0.077500 0.908148 0.155000 0.183704
0 0.277917 0.988148 0.164167 0.023704
0 0.522083 0.922963 0.367500 0.154074
0 0.808458 0.018118 0.082750 0.036237
0 0.756038 0.013089 0.066875 0.026178
0 0.711388 0.005867 0.037225 0.011733
0 0.806125 0.375007 0.183716 0.141926
0 0.905034 0.400992 0.189933 0.140829
0 0.983829 0.337496 0.032342 0.048859
0 0.935721 0.303126 0.128558 0.072622
0 0.847595 0.292985 0.175425 0.097318
0 0.762375 0.283400 0.162984 0.122386
