0 0.205396 0.226595 0.063387 0.082343
0 0.243327 0.177946 0.046551 0.072973
0 0.271775 0.151279 0.034483 0.054234
0 0.296319 0.120378 0.032657 0.044325
0 0.314828 0.103531 0.028499 0.042343
0 0.332626 0.093171 0.026369 0.034594
0 0.337241 0.068487 0.027079 0.040361
0 0.392597 0.019694 0.008113 0.015676
0 0.385243 0.023387 0.014097 0.025225
0 0.377688 0.031856 0.017444 0.024865
0 0.443002 0.039694 0.033266 0.022162
0 0.512754 0.007009 0.020841 0.014018
0 0.517404 0.008180 0.027789 0.016036
0 0.520426 0.015676 0.021096 0.016937
0 0.522718 0.026234 0.030528 0.023784
0 0.524604 0.027622 0.027079 0.021621
0 0.573428 0.042198 0.016532 0.020540
0 0.527140 0.033460 0.027586 0.017297
0 0.533175 0.041568 0.037829 0.023063
0 0.504092 0.004892 0.012424 0.009784
0 0.484544 0.010207 0.011461 0.020414
0 0.539260 0.062667 0.053955 0.048108
0 0.548509 0.083378 0.050203 0.031333
0 0.554057 0.087748 0.045030 0.023604
0 0.549929 0.103478 0.047160 0.032793
0 0.557485 0.105009 0.047262 0.025046
0 0.558448 0.116180 0.051826 0.035856
0 0.564838 0.126991 0.060142 0.036936
0 0.570416 0.136811 0.063388 0.038198
0 0.575538 0.143838 0.063895 0.043964
0 0.582637 0.159604 0.076876 0.045585
0 0.589027 0.174621 0.079311 0.050757
0 0.592677 0.176630 0.060243 0.047207
0 0.604340 0.202937 0.088235 0.049370
0 0.611390 0.228793 0.099087 0.052793
0 0.610944 0.249423 0.090081 0.048289
0 0.628297 0.280180 0.106491 0.084685
0 0.656643 0.345856 0.130934 0.072252
0 0.656694 0.400000 0.138945 0.097298
0 0.707910 0.452252 0.168357 0.111712
0 0.738844 0.530631 0.191684 0.138739
0 0.775355 0.614415 0.187626 0.136937
0 0.806288 0.754054 0.261664 0.210810
0 0.877282 0.897298 0.245436 0.205405
0 0.526369 0.629730 0.101420 0.261261
0 0.021527 0.291496 0.043053 0.076973
0 0.408174 0.108721 0.035295 0.022162
0 0.424453 0.100072 0.035801 0.035496
0 0.426735 0.098630 0.055781 0.038379
0 0.434756 0.064594 0.037323 0.023063
0 0.426338 0.065675 0.041379 0.016937
0 0.427485 0.087523 0.053043 0.026289
0 0.431034 0.075721 0.045131 0.018216
0 0.450527 0.030486 0.023631 0.020361
0 0.442971 0.019586 0.026167 0.018018
0 0.445507 0.009226 0.016836 0.006667
0 0.444645 0.006072 0.018560 0.009730
0 0.456511 0.010937 0.016126 0.013694
0 0.405041 0.007450 0.005883 0.014901
0 0.611684 0.109225 0.012677 0.025766
0 0.623778 0.116919 0.017312 0.029370
0 0.680659 0.171693 0.055274 0.037297
0 0.675385 0.157639 0.063591 0.038379
0 0.670011 0.148270 0.068661 0.039099
0 0.643793 0.140774 0.022616 0.031171
0 0.637049 0.124288 0.028397 0.025586
0 0.694848 0.199955 0.056998 0.037460
0 0.395740 0.011063 0.012982 0.022126
0 0.149422 0.294162 0.080568 0.099604
0 0.018849 0.085964 0.037698 0.024540
0 0.042703 0.087658 0.031612 0.018198
0 0.007024 0.165712 0.014047 0.029838
0 0.033971 0.124342 0.067941 0.034379
0 0.064351 0.110424 0.031400 0.023693
0 0.056531 0.084928 0.040547 0.029244
0 0.078874 0.079982 0.033570 0.020540
0 0.075883 0.061586 0.059189 0.025189
0 0.112597 0.059261 0.021399 0.013874
0 0.109858 0.063946 0.012068 0.015676
0 0.115182 0.079747 0.033773 0.016757
0 0.123601 0.072000 0.029919 0.013874
0 0.045710 0.015225 0.023630 0.016036
0 0.065487 0.013604 0.020791 0.018198
0 0.715538 0.236613 0.038945 0.050991
0 0.779716 0.279622 0.106796 0.084144
0 0.933484 0.525640 0.133032 0.136072
0 0.916217 0.437531 0.150366 0.104289
0 0.872850 0.391712 0.140324 0.094270
0 0.983159 0.284361 0.033682 0.062487
0 0.964736 0.247523 0.070527 0.076667
0 0.950462 0.227000 0.099017 0.060450
0 0.898854 0.193405 0.089188 0.056036
0 0.970411 0.177315 0.059178 0.047207
0 0.893053 0.125009 0.047972 0.030810
0 0.908114 0.140955 0.073023 0.039280
0 0.946451 0.161585 0.051927 0.040901
0 0.983113 0.124558 0.033773 0.022343
0 0.939402 0.075910 0.046957 0.030270
0 0.889097 0.080324 0.044929 0.029369
0 0.876014 0.073478 0.038641 0.027927
0 0.828904 0.014558 0.017647 0.015315
0 0.847971 0.019964 0.023733 0.018918
0 0.815812 0.013171 0.013387 0.012793
0 0.796085 0.046775 0.035396 0.032432
0 0.712515 0.042901 0.033976 0.022162
0 0.702627 0.038486 0.019067 0.018739
0 0.697708 0.029928 0.032758 0.027568
0 0.663276 0.041928 0.035192 0.023604
0 0.664239 0.033099 0.033469 0.021442
0 0.647860 0.030036 0.024036 0.013874
0 0.638691 0.025441 0.018053 0.013873
0 0.644574 0.027063 0.016024 0.013514
0 0.631085 0.022198 0.021298 0.020360
0 0.625253 0.016613 0.017545 0.016036
0 0.615355 0.015693 0.020588 0.021441
0 0.613884 0.008396 0.018053 0.014054
0 0.606947 0.005910 0.016937 0.011820
0 0.600106 0.004559 0.008327 0.009117
0 0.607125 0.101153 0.015629 0.024144
0 0.600172 0.093946 0.009837 0.018018
0 0.585061 0.069693 0.008012 0.027567
0 0.594381 0.088864 0.010142 0.016757
0 0.721947 0.017829 0.005679 0.009532
0 0.720679 0.013136 0.014503 0.017117
0 0.726106 0.018991 0.006897 0.012612
0 0.732241 0.023423 0.009837 0.009910
0 0.705213 0.060991 0.043814 0.017658
0 0.705923 0.070991 0.028194 0.023604
0 0.710031 0.078370 0.029919 0.027189
0 0.718702 0.083144 0.035700 0.033856
0 0.739949 0.086486 0.052434 0.036937
0 0.748671 0.094585 0.048377 0.027189
0 0.755872 0.104459 0.042292 0.036667
0 0.762769 0.112703 0.036410 0.034595
0 0.786400 0.116711 0.063591 0.046757
0 0.802424 0.126297 0.064604 0.052054
0 0.834726 0.144135 0.068966 0.050612
0 0.846542 0.163514 0.071095 0.047207
0 0.866318 0.176756 0.067647 0.050991
0 0.993134 0.085657 0.013732 0.024865
0 0.969523 0.100523 0.030426 0.036757
0 0.931435 0.107397 0.053215 0.037747
0 0.850324 0.107838 0.042293 0.032072
0 0.807272 0.088739 0.029006 0.024144
0 0.794949 0.084505 0.036410 0.022523
0 0.794442 0.080901 0.043712 0.024684
0 0.776845 0.074595 0.026775 0.020721
0 0.765740 0.063225 0.029006 0.014414
0 0.751491 0.062054 0.022616 0.014234
0 0.684087 0.020739 0.016024 0.016396
0 0.667363 0.016270 0.017342 0.014234
0 0.656927 0.013009 0.013388 0.017838
0 0.659970 0.015171 0.008317 0.015676
0 0.648874 0.009892 0.012982 0.019784
0 0.642748 0.005838 0.011481 0.011676
0 0.637115 0.005477 0.008529 0.010955
0 0.629295 0.005370 0.008184 0.010739
0 0.714513 0.008729 0.019676 0.017459
0 0.701790 0.007919 0.021734 0.015838
0 0.406095 0.127820 0.057708 0.029730
0 0.404108 0.138018 0.059331 0.034234
0 0.415365 0.156757 0.055680 0.043243
0 0.407150 0.172162 0.057302 0.044865
0 0.388033 0.184325 0.078093 0.038559
0 0.384990 0.206666 0.086816 0.050451
0 0.380426 0.227117 0.096958 0.053874
0 0.370690 0.246847 0.102434 0.050450
0 0.383215 0.276577 0.076774 0.059459
0 0.359280 0.307207 0.119168 0.081081
0 0.339249 0.347838 0.124747 0.075856
0 0.332657 0.398198 0.146045 0.090090
0 0.309331 0.454054 0.168357 0.104504
0 0.293610 0.537838 0.165315 0.142342
0 0.201319 0.721621 0.402637 0.322523
0 0.145537 0.918919 0.280933 0.162162
0 0.308864 0.005865 0.007992 0.011730
0 0.247475 0.021063 0.017647 0.012973
0 0.172445 0.041856 0.036613 0.025946
0 0.328458 0.022829 0.033165 0.020360
0 0.326481 0.031477 0.030629 0.024685
0 0.311826 0.040036 0.042292 0.021982
0 0.291440 0.068883 0.012880 0.018378
0 0.285705 0.075549 0.015223 0.020181
0 0.276176 0.077622 0.014199 0.022523
0 0.276176 0.086901 0.004869 0.012612
0 0.269624 0.084235 0.008621 0.027027
0 0.260720 0.084594 0.010750 0.033513
0 0.250984 0.094144 0.023327 0.040000
0 0.235264 0.101892 0.036511 0.029550
0 0.236227 0.115586 0.021400 0.020541
0 0.224716 0.113694 0.014604 0.036577
0 0.195101 0.149459 0.018661 0.026667
0 0.183337 0.160991 0.020487 0.031352
0 0.156257 0.164324 0.034685 0.052433
0 0.136633 0.169009 0.067850 0.052432
0 0.177231 0.009558 0.022394 0.019117
0 0.173946 0.013063 0.014361 0.015568
0 0.155994 0.015333 0.033225 0.026595
0 0.145619 0.023081 0.009736 0.018738
0 0.148327 0.020189 0.015679 0.018396
0 0.108793 0.022162 0.051622 0.042162
0 0.075315 0.029694 0.015517 0.020000
0 0.068215 0.031675 0.012272 0.019639
0 0.063499 0.032667 0.016024 0.022343
0 0.043605 0.034964 0.031005 0.028810
0 0.029544 0.042414 0.027261 0.019892
0 0.005765 0.033982 0.011531 0.014702
0 0.023398 0.026847 0.023975 0.023352
0 0.137982 0.181225 0.043813 0.051892
0 0.111876 0.193549 0.056836 0.059243
0 0.090456 0.218198 0.067303 0.056649
0 0.055892 0.232901 0.084827 0.056216
0 0.038686 0.259603 0.077373 0.060757
0 0.413448 0.120252 0.055984 0.026126
