0 0.122808 0.049263 0.187796 0.077474
0 0.625237 0.155790 0.165876 0.058947
0 0.447216 0.170526 0.202488 0.096842
0 0.358946 0.105263 0.220261 0.126316
0 0.203495 0.125158 0.247512 0.137052
0 0.277963 0.202105 0.207109 0.080000
0 0.340344 0.257895 0.215047 0.094737
0 0.130035 0.263790 0.220971 0.131789
0 0.082820 0.220000 0.165640 0.082106
0 0.075237 0.137895 0.150474 0.124211
0 0.024882 0.044105 0.049763 0.067579
0 0.078792 0.021052 0.157583 0.042105
0 0.177311 0.011579 0.041825 0.023158
0 0.285545 0.035790 0.180094 0.071579
0 0.396209 0.023158 0.071564 0.046316
0 0.529029 0.073684 0.257109 0.147368
0 0.696564 0.080000 0.225356 0.134736
0 0.618483 0.015790 0.137441 0.031579
0 0.729680 0.011579 0.102251 0.023158
0 0.851244 0.062106 0.235900 0.124211
0 0.946387 0.045263 0.107227 0.090526
0 0.948460 0.130843 0.103081 0.076421
0 0.819431 0.140000 0.209953 0.065264
0 0.719194 0.204211 0.208531 0.105263
0 0.522512 0.224211 0.220379 0.111579
0 0.606043 0.286316 0.214455 0.084210
0 0.696090 0.340000 0.193128 0.098948
0 0.794431 0.266315 0.202607 0.082105
0 0.987559 0.171579 0.024882 0.044210
0 0.900533 0.198737 0.184716 0.090948
0 0.943128 0.235790 0.113744 0.088421
0 0.912915 0.319790 0.174171 0.096421
0 0.965048 0.393684 0.069905 0.109474
0 0.820379 0.402421 0.317536 0.193052
0 0.520142 0.373684 0.239336 0.120000
0 0.411730 0.314106 0.223934 0.103579
0 0.190047 0.396842 0.223697 0.233684
0 0.034952 0.290527 0.069905 0.071579
0 0.068721 0.441053 0.137441 0.267369
0 0.302251 0.487368 0.303554 0.305263
0 0.595853 0.550105 0.348104 0.322947
0 0.869076 0.614737 0.261848 0.341052
0 0.950829 0.977894 0.098341 0.044211
0 0.809241 0.909474 0.381517 0.181053
0 0.284360 0.960000 0.357820 0.080000
0 0.031990 0.983158 0.063981 0.033684
