0 0.041667 0.213468 0.083333 0.099254
0 0.120171 0.171270 0.112458 0.155746
0 0.265171 0.146293 0.062125 0.090079
0 0.333087 0.142619 0.117509 0.106794
0 0.418658 0.115119 0.152983 0.102016
0 0.526787 0.112357 0.145525 0.114651
0 0.651454 0.097326 0.172658 0.164143
0 0.791417 0.130540 0.107850 0.131809
0 0.674017 0.220666 0.168167 0.149207
0 0.571104 0.231857 0.191458 0.155174
0 0.465350 0.245881 0.149784 0.160556
0 0.375729 0.253937 0.135375 0.132507
0 0.279104 0.259707 0.225275 0.172619
0 0.240875 0.286508 0.173250 0.122222
0 0.153375 0.295238 0.156584 0.107936
0 0.887916 0.098889 0.105833 0.099365
0 0.965417 0.087302 0.069167 0.076191
0 0.869584 0.193651 0.180833 0.180952
0 0.962916 0.202381 0.074167 0.153968
0 0.236917 0.432540 0.186167 0.198413
0 0.131417 0.450000 0.205500 0.195238
0 0.067084 0.461111 0.134167 0.226984
0 0.835417 0.290476 0.232500 0.190476
0 0.973750 0.468254 0.052500 0.060318
0 0.914166 0.595238 0.171667 0.253968
0 0.787834 0.616421 0.315417 0.286683
0 0.677508 0.666031 0.327100 0.279079
0 0.533845 0.701555 0.292925 0.272889
0 0.428179 0.743453 0.289908 0.276461
0 0.273637 0.775659 0.300509 0.302016
0 0.157834 0.834254 0.309433 0.301492
0 0.099508 0.855920 0.199017 0.288159
0 0.074166 0.290079 0.148333 0.134127
