0 0.631946 0.057715 0.057568 0.043980
0 0.280406 0.988943 0.098649 0.022113
0 0.261487 0.969288 0.117567 0.061425
0 0.060054 0.680737 0.108216 0.067814
0 0.038399 0.633661 0.076797 0.081966
0 0.426284 0.886486 0.117432 0.084521
0 0.011487 0.726167 0.022973 0.066094
0 0.746811 0.293550 0.058811 0.068673
0 0.967067 0.421007 0.065865 0.062408
0 0.983081 0.444177 0.033838 0.060786
0 0.957358 0.397359 0.085284 0.058010
0 0.935675 0.379509 0.089595 0.066339
0 0.908852 0.359484 0.086757 0.065110
0 0.887365 0.342285 0.084054 0.061180
0 0.843716 0.302482 0.091892 0.066585
0 0.811993 0.283169 0.074878 0.057985
0 0.797527 0.260811 0.072973 0.046683
0 0.773081 0.241647 0.071622 0.038329
0 0.746588 0.237838 0.066500 0.053317
0 0.731189 0.219165 0.075676 0.053317
0 0.715040 0.204030 0.078243 0.054055
0 0.695581 0.185479 0.083378 0.055774
0 0.219595 0.926290 0.117567 0.093366
0 0.175000 0.858723 0.114864 0.090909
0 0.125344 0.980147 0.114365 0.039705
0 0.094230 0.960541 0.103946 0.078919
0 0.074568 0.935627 0.103379 0.086487
0 0.058669 0.898022 0.117338 0.080074
0 0.047973 0.860197 0.095946 0.064373
0 0.039865 0.816953 0.079730 0.066339
0 0.029054 0.776413 0.058108 0.044226
0 0.155405 0.815725 0.108108 0.073710
0 0.133784 0.788698 0.108108 0.078624
0 0.119865 0.756757 0.110000 0.068796
0 0.098649 0.730958 0.105405 0.071253
0 0.075162 0.704619 0.106216 0.073120
0 0.029885 0.588550 0.059770 0.047175
0 0.019750 0.567444 0.039500 0.035135
0 0.475676 0.950860 0.116216 0.088452
0 0.406081 0.847666 0.122973 0.088452
0 0.381757 0.814496 0.117568 0.090909
0 0.359054 0.785013 0.115406 0.095823
0 0.335446 0.757322 0.107514 0.092236
0 0.312121 0.734718 0.104595 0.089189
0 0.292121 0.706954 0.100541 0.084275
0 0.269595 0.677027 0.101351 0.081326
0 0.235135 0.635136 0.105406 0.081081
0 0.210068 0.606143 0.095811 0.079607
0 0.192298 0.580590 0.100811 0.077150
0 0.174392 0.557175 0.099081 0.076609
0 0.157933 0.533145 0.100541 0.074644
0 0.125824 0.516634 0.076216 0.070418
0 0.124906 0.495135 0.100135 0.063390
0 0.103824 0.472089 0.096621 0.065111
0 0.083284 0.448870 0.085270 0.067322
0 0.052919 0.404324 0.090135 0.066831
0 0.070554 0.424349 0.094594 0.070516
0 0.043655 0.386266 0.087311 0.063637
0 0.031102 0.356339 0.062203 0.041376
0 0.029007 0.333956 0.058014 0.036904
0 0.017791 0.307764 0.035581 0.020393
0 0.668277 0.981585 0.101040 0.036830
0 0.643864 0.965995 0.116973 0.068010
0 0.617202 0.939091 0.123243 0.081670
0 0.596568 0.904079 0.121135 0.077543
0 0.562513 0.868108 0.121783 0.092285
0 0.534797 0.834718 0.119676 0.090811
0 0.512500 0.804496 0.115622 0.080491
0 0.489325 0.767912 0.113351 0.068993
0 0.452365 0.738526 0.088378 0.067518
0 0.442271 0.707862 0.113513 0.061032
0 0.420662 0.679951 0.110594 0.061916
0 0.396662 0.664914 0.108324 0.081376
0 0.375419 0.636167 0.104756 0.071056
0 0.355959 0.614939 0.104433 0.075774
0 0.335121 0.586487 0.103297 0.068403
0 0.314365 0.558477 0.100378 0.057789
0 0.296162 0.543832 0.101811 0.070909
0 0.276554 0.522186 0.103216 0.070909
0 0.257520 0.499251 0.100176 0.069213
0 0.240122 0.477592 0.101351 0.068354
0 0.223122 0.456511 0.099567 0.063686
0 0.204635 0.437494 0.101514 0.069288
0 0.189811 0.409042 0.098594 0.060442
0 0.164270 0.387371 0.072162 0.055430
0 0.146459 0.371769 0.063379 0.067814
0 0.138527 0.357347 0.094054 0.071745
0 0.120852 0.337002 0.100135 0.066831
0 0.088757 0.303341 0.094865 0.064373
0 0.075284 0.276045 0.088378 0.053563
0 0.051115 0.262936 0.081878 0.068870
0 0.028567 0.245503 0.055135 0.046879
0 0.030575 0.232617 0.061149 0.053882
0 0.017878 0.201548 0.035757 0.024668
0 0.021574 0.190443 0.043149 0.036265
0 0.011432 0.172961 0.022865 0.022187
0 0.941216 0.986487 0.087838 0.027027
0 0.894594 0.963145 0.116217 0.073710
0 0.859460 0.945946 0.105405 0.088452
0 0.825270 0.916462 0.093784 0.088452
0 0.797973 0.885749 0.098648 0.085995
0 0.776351 0.848894 0.114865 0.085995
0 0.748649 0.819411 0.113513 0.090909
0 0.723649 0.792383 0.109459 0.090909
0 0.698649 0.767813 0.105405 0.090909
0 0.664459 0.749386 0.085675 0.073710
0 0.658108 0.722359 0.108108 0.073710
0 0.632365 0.701475 0.102568 0.071253
0 0.613784 0.676905 0.103243 0.071253
0 0.593243 0.651106 0.100000 0.078624
0 0.570000 0.625307 0.094054 0.076167
0 0.549324 0.601966 0.095946 0.078624
0 0.530405 0.579853 0.093243 0.078624
0 0.510135 0.556512 0.087838 0.081081
0 0.489121 0.537223 0.091757 0.076905
0 0.472459 0.516388 0.096000 0.075774
0 0.453244 0.493391 0.089351 0.072825
0 0.435325 0.476437 0.090811 0.080786
0 0.416270 0.455062 0.082865 0.075185
0 0.390811 0.439878 0.071514 0.067813
0 0.382149 0.419656 0.089865 0.064128
0 0.360811 0.401720 0.086486 0.066339
0 0.344892 0.378379 0.090946 0.064619
0 0.327325 0.356806 0.090135 0.064128
0 0.302527 0.335553 0.077298 0.066830
0 0.288203 0.311352 0.079459 0.074447
0 0.267933 0.299681 0.075675 0.068796
0 0.253608 0.278059 0.080000 0.073218
0 0.238541 0.262457 0.080946 0.071008
0 0.221649 0.244521 0.076892 0.058231
0 0.204824 0.230958 0.075135 0.062899
0 0.180230 0.202703 0.081892 0.062408
0 0.153067 0.164374 0.084325 0.060933
0 0.124040 0.139140 0.079595 0.057986
0 0.105391 0.122063 0.072027 0.053317
0 0.083838 0.094963 0.070054 0.054546
0 0.013385 0.094964 0.026770 0.070467
0 0.985135 0.965602 0.029730 0.068796
0 0.968243 0.924202 0.063514 0.092629
0 0.950676 0.892261 0.098649 0.069533
0 0.940541 0.847666 0.118919 0.103194
0 0.865743 0.804669 0.109865 0.076167
0 0.557338 0.488329 0.066162 0.059803
0 0.846757 0.756757 0.125946 0.083538
0 0.782027 0.713759 0.104594 0.071253
0 0.729730 0.660934 0.113513 0.078624
0 0.683108 0.633907 0.074324 0.068796
0 0.680919 0.607936 0.101676 0.074594
0 0.658135 0.580074 0.101514 0.060737
0 0.634135 0.554423 0.098594 0.065455
0 0.610054 0.531278 0.098108 0.062801
0 0.591568 0.510197 0.094541 0.058379
0 0.544987 0.468661 0.088541 0.062236
0 0.342121 0.254791 0.090135 0.043980
0 0.524067 0.442310 0.090135 0.057003
0 0.431675 0.355062 0.087433 0.057739
0 0.393743 0.315356 0.086622 0.063882
0 0.354148 0.276290 0.092297 0.054054
0 0.327324 0.238575 0.080270 0.055774
0 0.286743 0.214890 0.075000 0.056019
0 0.276879 0.190074 0.083649 0.051106
0 0.260473 0.171696 0.084054 0.056019
0 0.213425 0.150294 0.055067 0.049877
0 0.211973 0.123931 0.082514 0.035381
0 0.183567 0.096363 0.087729 0.061917
0 0.234486 0.073071 0.047189 0.070762
0 0.968919 0.803440 0.062162 0.098280
0 0.993919 0.761671 0.012162 0.034398
0 0.978379 0.722359 0.043243 0.068796
0 0.963514 0.696561 0.072973 0.081081
0 0.941892 0.670762 0.083784 0.083538
0 0.913513 0.646192 0.078379 0.078624
0 0.886081 0.616708 0.091081 0.083538
0 0.860811 0.585996 0.091892 0.081081
0 0.833784 0.560197 0.086486 0.078624
0 0.811486 0.536855 0.090541 0.076168
0 0.785811 0.514742 0.087838 0.081082
0 0.765405 0.492260 0.094325 0.080344
0 0.737838 0.470516 0.086486 0.081082
0 0.709460 0.453317 0.081081 0.076167
0 0.670946 0.406633 0.085136 0.076167
0 0.649189 0.387469 0.079460 0.072236
0 0.629730 0.368550 0.081081 0.068796
0 0.604324 0.353808 0.070811 0.068796
0 0.585811 0.316953 0.082432 0.083538
0 0.557095 0.304546 0.065541 0.073465
0 0.533108 0.289926 0.067298 0.063882
0 0.519865 0.270049 0.080676 0.059951
0 0.497432 0.252482 0.070946 0.061179
0 0.480000 0.229017 0.084730 0.067813
0 0.457365 0.207764 0.071892 0.065110
0 0.437865 0.189115 0.075406 0.060933
0 0.415906 0.182359 0.063379 0.057740
0 0.407594 0.167126 0.079459 0.056757
0 0.387594 0.151647 0.071081 0.054791
0 0.366378 0.133833 0.067838 0.056020
0 0.342392 0.105823 0.077432 0.055037
0 0.694595 0.428747 0.083783 0.071253
0 0.979729 0.602948 0.040541 0.076659
0 0.963514 0.577642 0.072973 0.074201
0 0.941554 0.550614 0.066892 0.065356
0 0.920135 0.527518 0.069189 0.072236
0 0.892365 0.503096 0.070216 0.063096
0 0.862264 0.486142 0.067500 0.058083
0 0.848743 0.456216 0.087405 0.055430
0 0.815095 0.433071 0.069081 0.046290
0 0.789797 0.416265 0.066162 0.045700
0 0.769122 0.401965 0.073784 0.057199
0 0.741310 0.377543 0.059189 0.040540
0 0.736581 0.359238 0.085406 0.039312
0 0.713581 0.341818 0.088865 0.055430
0 0.699392 0.319705 0.081892 0.047764
0 0.658777 0.305762 0.058960 0.052015
0 0.650243 0.283047 0.072027 0.053808
0 0.626520 0.260688 0.046500 0.028747
0 0.607324 0.252211 0.056216 0.049140
0 0.573615 0.239558 0.053662 0.054300
0 0.568310 0.216511 0.086919 0.061326
0 0.542040 0.198231 0.055459 0.050712
0 0.525581 0.178181 0.059838 0.038919
0 0.506852 0.169337 0.056433 0.045995
0 0.496717 0.149877 0.077027 0.050123
0 0.476338 0.135037 0.077000 0.049238
0 0.455898 0.114607 0.085041 0.056438
0 0.426676 0.094153 0.078108 0.046191
0 0.402149 0.075946 0.075000 0.060884
0 0.373946 0.062678 0.052702 0.043980
0 0.353405 0.051744 0.052162 0.045701
0 0.653960 0.154276 0.078243 0.056265
0 0.635176 0.138674 0.068784 0.055037
0 0.616527 0.113366 0.068514 0.046683
0 0.596662 0.105258 0.070135 0.052580
0 0.582676 0.156904 0.053919 0.055282
0 0.578960 0.095479 0.068379 0.047912
0 0.564298 0.082211 0.073649 0.051351
0 0.547068 0.068944 0.072433 0.048403
0 0.535716 0.055799 0.081622 0.049631
0 0.518196 0.040933 0.072256 0.049877
0 0.496865 0.028403 0.068514 0.048403
0 0.475716 0.020025 0.050540 0.040049
0 0.450365 0.012064 0.030378 0.024128
0 0.989885 0.344963 0.020230 0.050270
0 0.976750 0.326327 0.046500 0.053440
0 0.959635 0.311376 0.063784 0.058476
0 0.925040 0.295283 0.056757 0.058723
0 0.918594 0.271941 0.066325 0.051892
0 0.728230 0.124177 0.072838 0.064374
0 0.678156 0.008612 0.016527 0.017224
0 0.816067 0.189287 0.054459 0.049140
0 0.785459 0.178476 0.053243 0.057985
0 0.763230 0.161646 0.054730 0.049877
0 0.748568 0.141622 0.061351 0.047666
0 0.893486 0.255479 0.078487 0.055135
0 0.869568 0.239840 0.066000 0.052752
0 0.844662 0.226634 0.056757 0.047666
0 0.834534 0.206867 0.080176 0.055897
0 0.701946 0.108452 0.066486 0.067322
0 0.685459 0.092727 0.040271 0.048157
0 0.661040 0.082162 0.047487 0.060442
0 0.640662 0.070123 0.050676 0.041278
0 0.617892 0.041991 0.055406 0.042015
0 0.595121 0.032407 0.053919 0.042015
0 0.579243 0.019705 0.054324 0.039410
0 0.552257 0.012334 0.028189 0.024668
0 0.530743 0.007617 0.018622 0.015233
0 0.982851 0.214791 0.034297 0.050074
0 0.973054 0.191204 0.053892 0.057936
0 0.957865 0.176069 0.072162 0.057740
0 0.938270 0.156289 0.072162 0.059951
0 0.920973 0.133931 0.061082 0.049140
0 0.899554 0.119557 0.082298 0.051843
0 0.868946 0.113047 0.064594 0.051106
0 0.855230 0.095479 0.076892 0.057248
0 0.829892 0.085282 0.063244 0.053071
0 0.815770 0.066733 0.077432 0.058231
0 0.788879 0.058133 0.062567 0.050369
0 0.772595 0.042408 0.062703 0.052334
0 0.744081 0.027543 0.061352 0.042752
0 0.741986 0.017212 0.062297 0.034423
0 0.704568 0.014386 0.038811 0.028771
0 0.996588 0.143931 0.006824 0.037101
0 0.987061 0.127788 0.025878 0.047125
0 0.975777 0.115848 0.048446 0.055774
0 0.956352 0.096560 0.058243 0.049632
0 0.932973 0.078379 0.046892 0.029975
0 0.916689 0.071376 0.051892 0.045454
0 0.895270 0.058968 0.050135 0.041278
0 0.877128 0.044103 0.057500 0.047420
0 0.853379 0.023588 0.054459 0.030467
0 0.836217 0.019165 0.058243 0.038329
0 0.798885 0.014521 0.027365 0.029042
0 0.985088 0.024779 0.029824 0.049558
0 0.971210 0.018391 0.049635 0.036781
0 0.944081 0.009791 0.028432 0.019582
0 0.921014 0.004226 0.017000 0.008452
