0 0.762525 0.376042 0.042373 0.020833
0 0.776763 0.375111 0.028330 0.017930
0 0.795225 0.375156 0.026367 0.016536
0 0.909668 0.615234 0.180664 0.152344
0 0.952881 0.538412 0.094238 0.053385
0 0.968261 0.503190 0.063477 0.022266
0 0.531152 0.566406 0.170117 0.132812
0 0.626270 0.548177 0.143945 0.119792
0 0.686036 0.522787 0.133789 0.102865
0 0.746045 0.511068 0.127050 0.100260
0 0.799707 0.496745 0.103710 0.082031
0 0.856836 0.491537 0.104688 0.082031
0 0.885664 0.477604 0.107734 0.070130
0 0.914638 0.465788 0.088027 0.067122
0 0.952891 0.460071 0.082969 0.058321
0 0.960274 0.448353 0.079453 0.046498
0 0.973340 0.430351 0.053320 0.024375
0 0.983023 0.418411 0.033955 0.006927
0 0.012032 0.547956 0.024063 0.084714
0 0.074116 0.518737 0.148232 0.125756
0 0.177285 0.505351 0.143438 0.109687
0 0.273418 0.493965 0.127930 0.094700
0 0.354209 0.477077 0.127402 0.092070
0 0.434658 0.472773 0.113340 0.077239
0 0.492178 0.461993 0.111094 0.075547
0 0.543432 0.454778 0.098017 0.069375
0 0.581894 0.447097 0.101523 0.062239
0 0.626611 0.443248 0.093653 0.058685
0 0.660010 0.436211 0.092949 0.060390
0 0.944405 0.394740 0.050391 0.027213
0 0.956758 0.392266 0.044238 0.025391
0 0.656201 0.357474 0.018945 0.019010
0 0.623960 0.356166 0.064228 0.026549
0 0.595313 0.368588 0.027441 0.005065
0 0.587354 0.359870 0.030469 0.011849
0 0.562168 0.361042 0.038868 0.013932
0 0.528398 0.370248 0.034863 0.015365
0 0.509990 0.373958 0.025000 0.019661
0 0.483038 0.370247 0.046289 0.021615
0 0.465693 0.375097 0.044531 0.011445
0 0.425029 0.376796 0.036328 0.018099
0 0.400664 0.375885 0.039160 0.017317
0 0.375224 0.376016 0.034765 0.012109
0 0.349932 0.380377 0.039258 0.020833
0 0.321010 0.376595 0.036553 0.013554
0 0.295567 0.380417 0.043847 0.020182
0 0.264463 0.381979 0.047656 0.019662
0 0.231113 0.380742 0.047754 0.014844
0 0.196640 0.384453 0.049317 0.022266
0 0.154843 0.385364 0.046387 0.023307
0 0.114047 0.382370 0.047627 0.016276
0 0.070967 0.383803 0.055274 0.030599
0 0.023814 0.384779 0.047627 0.038802
0 0.671953 0.368997 0.039375 0.005157
0 0.700684 0.427474 0.066699 0.041016
0 0.724707 0.426693 0.084278 0.044401
0 0.753369 0.421484 0.081640 0.044401
0 0.776778 0.413945 0.083691 0.044011
0 0.812974 0.416413 0.056416 0.039076
0 0.827656 0.413359 0.064160 0.034505
0 0.855927 0.408672 0.075391 0.036068
0 0.878437 0.403919 0.063379 0.032552
0 0.897871 0.403138 0.048926 0.031250
0 0.904560 0.401185 0.059765 0.032292
0 0.924092 0.398581 0.041016 0.027865
0 0.935615 0.397018 0.043750 0.026302
0 0.962959 0.390573 0.051172 0.026172
0 0.974677 0.387773 0.038867 0.022395
0 0.987134 0.388112 0.025732 0.021744
0 0.020747 0.466028 0.041494 0.043255
0 0.085742 0.456002 0.089707 0.039427
0 0.175102 0.445541 0.095009 0.032175
0 0.253232 0.438671 0.083867 0.029245
0 0.320147 0.431133 0.062441 0.019583
0 0.381445 0.428737 0.068027 0.023932
0 0.428955 0.424505 0.056543 0.024271
0 0.468403 0.418809 0.056065 0.016445
0 0.912314 0.379616 0.019141 0.008972
0 0.491152 0.395000 0.067383 0.030000
0 0.923945 0.378007 0.018359 0.006771
0 0.462442 0.398776 0.056739 0.028125
0 0.022827 0.428607 0.045654 0.055078
0 0.076533 0.420104 0.087676 0.046172
0 0.142832 0.418523 0.078926 0.057435
0 0.204580 0.413399 0.073047 0.040755
0 0.256587 0.410202 0.075498 0.047148
0 0.305508 0.407728 0.067676 0.040898
0 0.347774 0.401342 0.066113 0.035677
0 0.422383 0.401081 0.069238 0.038281
0 0.598828 0.384714 0.066504 0.027213
0 0.623877 0.382956 0.049218 0.027344
0 0.048735 0.405540 0.061592 0.030377
0 0.101963 0.400456 0.023770 0.019870
0 0.180908 0.398021 0.042422 0.020938
0 0.377451 0.398203 0.038652 0.032292
0 0.563267 0.371914 0.037666 0.012240
0 0.665332 0.354804 0.068848 0.025911
0 0.510239 0.417031 0.048643 0.015339
0 0.554258 0.412012 0.056894 0.014518
0 0.586723 0.409766 0.049971 0.015469
0 0.610591 0.406641 0.039697 0.017370
0 0.641631 0.401901 0.045996 0.011666
0 0.668144 0.401087 0.042031 0.014388
0 0.695113 0.394844 0.058115 0.020078
0 0.736563 0.394297 0.031153 0.010808
0 0.785087 0.391120 0.052539 0.011068
0 0.815020 0.389336 0.034668 0.013230
0 0.842696 0.385117 0.033105 0.011458
0 0.863642 0.382839 0.029493 0.010026
0 0.880489 0.380690 0.023731 0.008073
0 0.892617 0.379908 0.037617 0.010599
0 0.496582 0.832682 0.454102 0.334635
0 0.738281 0.794922 0.468750 0.355468
0 0.823730 0.698568 0.352539 0.253906
0 0.119140 0.669271 0.238281 0.182292
0 0.285156 0.632812 0.228516 0.179687
0 0.421386 0.590495 0.182617 0.147135
0 0.547134 0.391478 0.064522 0.030117
0 0.575727 0.388099 0.058487 0.025912
0 0.138183 0.876302 0.276367 0.247396
0 0.640518 0.380859 0.057715 0.026302
0 0.669550 0.379740 0.024121 0.015625
0 0.678594 0.377135 0.038086 0.015365
0 0.706562 0.379088 0.040137 0.019011
0 0.721318 0.376628 0.054101 0.022526
0 0.750269 0.378125 0.029405 0.020572
