0 0.876458 0.333788 0.195850 0.099675
0 0.953883 0.295469 0.092233 0.020863
0 0.980484 0.320394 0.039033 0.042738
0 0.880513 0.355413 0.172559 0.100825
0 0.875134 0.391250 0.249733 0.100550
0 0.878321 0.434937 0.243358 0.131675
0 0.882467 0.488644 0.235067 0.191788
0 0.827416 0.556075 0.092367 0.054150
0 0.902459 0.518500 0.195083 0.114500
0 0.889875 0.587500 0.220250 0.160000
0 0.565416 0.773125 0.459167 0.266250
0 0.870000 0.636250 0.086666 0.032500
0 0.897083 0.642500 0.205833 0.137500
0 0.896250 0.719375 0.207500 0.206250
0 0.905833 0.736250 0.188333 0.167500
0 0.897917 0.840375 0.204167 0.189250
0 0.915833 0.856500 0.168333 0.179500
0 0.937917 0.896250 0.124167 0.107500
0 0.953750 0.953750 0.092500 0.092500
0 0.200416 0.810625 0.210833 0.228750
0 0.627500 0.875625 0.210000 0.231250
0 0.807917 0.973750 0.339167 0.052500
0 0.077916 0.910625 0.155833 0.178750
0 0.028334 0.974375 0.056667 0.051250
0 0.224625 0.968750 0.235750 0.062500
0 0.969108 0.231825 0.061783 0.015700
0 0.617167 0.310000 0.271200 0.083324
0 0.617329 0.290375 0.265042 0.090600
0 0.779796 0.291094 0.069758 0.065363
0 0.751467 0.256162 0.167617 0.060525
0 0.801216 0.244956 0.139717 0.069538
0 0.874445 0.196443 0.161825 0.040237
0 0.816712 0.188593 0.154309 0.050863
0 0.931021 0.172762 0.079442 0.019225
0 0.983208 0.169156 0.033583 0.063687
0 0.210184 0.666813 0.190383 0.215575
0 0.244229 0.589950 0.166192 0.184924
0 0.264446 0.516975 0.117442 0.049450
0 0.262642 0.513300 0.148350 0.178100
0 0.298729 0.420413 0.305458 0.161300
0 0.701863 0.351568 0.173075 0.077413
0 0.328066 0.345024 0.265667 0.108875
0 0.275708 0.348713 0.244350 0.130650
0 0.393663 0.300100 0.167575 0.066525
0 0.400596 0.295606 0.179458 0.101488
0 0.518404 0.282531 0.075308 0.069988
0 0.501800 0.252387 0.136684 0.039149
0 0.556183 0.240925 0.124167 0.042924
0 0.646934 0.229206 0.124917 0.035463
0 0.633250 0.208863 0.144316 0.030601
0 0.695712 0.209612 0.037925 0.033849
0 0.669229 0.199125 0.157758 0.053375
0 0.558125 0.202188 0.092816 0.036575
0 0.607641 0.184000 0.194833 0.059500
0 0.214458 0.306875 0.165583 0.128750
0 0.302042 0.254188 0.128417 0.058375
0 0.130250 0.263750 0.227166 0.125000
0 0.302375 0.213156 0.103766 0.033588
0 0.414666 0.230762 0.117283 0.033375
0 0.418550 0.218463 0.129600 0.024701
0 0.423791 0.213425 0.140383 0.035775
0 0.411975 0.197094 0.117984 0.015563
0 0.435458 0.207600 0.124133 0.046000
0 0.457200 0.203087 0.110016 0.052449
0 0.415312 0.186032 0.133059 0.028763
0 0.345934 0.190781 0.211217 0.085412
0 0.459688 0.165531 0.023641 0.015313
0 0.528367 0.168144 0.148550 0.066063
0 0.124287 0.224000 0.212659 0.075124
0 0.115804 0.207481 0.224742 0.108988
0 0.049850 0.195013 0.099700 0.096300
0 0.087304 0.130957 0.094058 0.055987
0 0.232679 0.190163 0.053742 0.062325
0 0.264529 0.176356 0.060708 0.030988
0 0.742820 0.185438 0.047175 0.025150
0 0.792900 0.389706 0.023850 0.036888
0 0.984487 0.239013 0.031025 0.027100
0 0.724263 0.379238 0.115359 0.082225
0 0.514167 0.400582 0.308200 0.121837
0 0.519433 0.435350 0.334900 0.153550
0 0.627517 0.410850 0.249883 0.066676
0 0.636888 0.455057 0.263609 0.102337
0 0.425558 0.511031 0.162000 0.195588
0 0.540091 0.582456 0.361417 0.114688
0 0.773725 0.634575 0.044000 0.170950
0 0.587300 0.529369 0.377550 0.129613
0 0.969079 0.197750 0.061842 0.059300
0 0.551771 0.634701 0.435108 0.180525
0 0.416913 0.742050 0.224691 0.185900
0 0.904046 0.223287 0.122892 0.044801
0 0.869962 0.282681 0.210159 0.091337
0 0.886637 0.291256 0.226725 0.078562
0 0.885271 0.306556 0.229458 0.087162
