0 0.682030 0.137108 0.071643 0.095287
0 0.967931 0.258634 0.064139 0.107525
0 0.849217 0.312099 0.082693 0.110930
0 0.745891 0.344673 0.086614 0.097426
0 0.824693 0.352416 0.085109 0.109782
0 0.940732 0.322307 0.066891 0.094396
0 0.985742 0.337020 0.028515 0.066950
0 0.915763 0.351050 0.076575 0.111683
0 0.785965 0.416119 0.080069 0.100950
0 0.682956 0.415980 0.097811 0.096198
0 0.677584 0.454614 0.086396 0.117703
0 0.587332 0.418010 0.073574 0.101287
0 0.555678 0.455168 0.083495 0.119763
0 0.454198 0.459257 0.084118 0.119465
0 0.718500 0.515693 0.099218 0.134476
0 0.621307 0.517713 0.099802 0.099505
0 0.522292 0.523990 0.083970 0.106356
0 0.967143 0.418722 0.065713 0.100931
0 0.882163 0.423871 0.088247 0.110634
0 0.985698 0.455218 0.028604 0.111584
0 0.884267 0.455168 0.076871 0.107406
0 0.781367 0.456178 0.086337 0.116436
0 0.951416 0.536336 0.084832 0.116357
0 0.835248 0.534990 0.094851 0.130574
0 0.737258 0.564802 0.083841 0.104694
0 0.619084 0.561743 0.096822 0.111367
0 0.500420 0.567782 0.110861 0.131050
0 0.423015 0.526158 0.077416 0.115763
0 0.377777 0.554218 0.109931 0.132871
0 0.303302 0.529218 0.083198 0.114000
0 0.268708 0.564624 0.105792 0.110356
0 0.634198 0.653594 0.089248 0.167386
0 0.750713 0.675148 0.076990 0.141149
0 0.872520 0.671288 0.098069 0.141307
0 0.975114 0.659109 0.049772 0.145426
0 0.828931 0.715723 0.113307 0.165980
0 0.717871 0.694970 0.105386 0.163564
0 0.460396 0.827723 0.055446 0.158416
0 0.371287 0.849505 0.130693 0.241584
0 0.233168 0.882178 0.139604 0.180198
0 0.068391 0.888456 0.135158 0.164435
0 0.598703 0.697674 0.105862 0.181525
0 0.506420 0.662227 0.095673 0.160139
0 0.469980 0.713356 0.098060 0.163585
0 0.376302 0.649644 0.106901 0.165069
0 0.260431 0.666772 0.101970 0.140990
0 0.211911 0.716287 0.106990 0.149802
0 0.131307 0.665366 0.103782 0.145228
0 0.092495 0.699099 0.119128 0.140534
0 0.026638 0.657802 0.053277 0.155446
0 0.009565 0.685901 0.019129 0.107722
0 0.289198 0.819435 0.086892 0.142039
0 0.114406 0.817762 0.121684 0.163565
0 0.020425 0.803634 0.040851 0.147149
0 0.907386 0.839050 0.105901 0.163565
0 0.885644 0.901980 0.119802 0.176238
0 0.720050 0.830099 0.100495 0.163168
0 0.578911 0.815159 0.103664 0.177565
0 0.670792 0.887128 0.119802 0.174257
0 0.872980 0.125455 0.147940 0.078831
0 0.857198 0.139951 0.145762 0.082357
0 0.589712 0.120138 0.072119 0.110733
0 0.558287 0.159822 0.065584 0.098376
0 0.523178 0.188812 0.076158 0.095524
0 0.457866 0.216990 0.088782 0.103881
0 0.363381 0.286386 0.114564 0.074317
0 0.980633 0.010980 0.035525 0.021960
0 0.954020 0.025545 0.050495 0.051089
0 0.912763 0.030881 0.128911 0.061762
0 0.916030 0.025149 0.098376 0.046535
0 0.928362 0.042683 0.092961 0.063307
0 0.869618 0.043258 0.088109 0.053049
0 0.928416 0.066178 0.092396 0.072198
0 0.915327 0.074911 0.105564 0.073228
0 0.898980 0.081881 0.108950 0.072713
0 0.890594 0.083891 0.109030 0.049168
0 0.878312 0.105762 0.145515 0.082971
0 0.846054 0.144228 0.123179 0.059545
0 0.849816 0.170406 0.124901 0.086554
0 0.829545 0.182723 0.119585 0.090673
0 0.807387 0.194703 0.104713 0.090000
0 0.715035 0.174654 0.017396 0.024237
0 0.778911 0.211297 0.128594 0.114634
0 0.738183 0.234634 0.135158 0.095802
0 0.718743 0.250901 0.129169 0.094674
0 0.663282 0.263307 0.137158 0.100080
0 0.654302 0.283415 0.122901 0.104931
0 0.620941 0.294822 0.135307 0.113485
0 0.581168 0.305158 0.162337 0.125921
0 0.564901 0.324733 0.126436 0.097188
0 0.518366 0.341317 0.132931 0.112574
0 0.469827 0.357188 0.131812 0.110970
0 0.445733 0.368792 0.120931 0.107564
0 0.380277 0.369614 0.167327 0.168336
0 0.353040 0.412841 0.104931 0.114119
0 0.284644 0.426198 0.165802 0.116356
0 0.182945 0.455851 0.148327 0.120455
0 0.133931 0.470732 0.134139 0.126257
0 0.072010 0.481168 0.144020 0.125228
0 0.049396 0.496861 0.098792 0.124851
0 0.032703 0.528000 0.065406 0.106772
0 0.033297 0.233287 0.066594 0.123604
0 0.103342 0.204961 0.091971 0.114555
0 0.190024 0.184505 0.111891 0.103466
0 0.369723 0.078465 0.070495 0.097525
0 0.486767 0.008307 0.056445 0.016614
0 0.706654 0.013713 0.023881 0.027426
0 0.676168 0.035495 0.051782 0.070990
0 0.665921 0.049109 0.039208 0.077426
0 0.627009 0.064654 0.068911 0.117227
0 0.611930 0.102158 0.058455 0.086257
0 0.789783 0.021455 0.053465 0.042911
0 0.747351 0.058396 0.066603 0.107128
0 0.979940 0.196752 0.040119 0.025545
