0 0.497344 0.335812 0.054102 0.044450
0 0.232754 0.263114 0.033594 0.032487
0 0.619619 0.366802 0.091054 0.051980
0 0.685191 0.382030 0.070889 0.062132
0 0.715132 0.389645 0.073584 0.056650
0 0.517529 0.336447 0.060098 0.041218
0 0.539970 0.344230 0.054277 0.052386
0 0.556709 0.346793 0.045000 0.057005
0 0.593828 0.349594 0.087188 0.069442
0 0.743515 0.398841 0.081953 0.064078
0 0.771094 0.408884 0.085156 0.066497
0 0.807276 0.416244 0.081347 0.067682
0 0.841114 0.423858 0.088477 0.069374
0 0.871387 0.434856 0.090430 0.071066
0 0.203066 0.262860 0.026367 0.028595
0 0.169160 0.244213 0.041621 0.056954
0 0.135904 0.249916 0.027705 0.023147
0 0.126831 0.261252 0.025596 0.009746
0 0.141035 0.268680 0.028692 0.017293
0 0.154112 0.273427 0.034317 0.013147
0 0.176260 0.277081 0.033047 0.010711
0 0.181743 0.282936 0.030518 0.014129
0 0.190459 0.285736 0.011954 0.007546
0 0.202139 0.287309 0.017578 0.012183
0 0.212920 0.294146 0.011328 0.023351
0 0.239678 0.294957 0.049102 0.025719
0 0.261528 0.304755 0.038135 0.010220
0 0.273603 0.310169 0.033047 0.013638
0 0.309248 0.310905 0.049786 0.015584
0 0.328369 0.322360 0.049219 0.022419
0 0.337456 0.326260 0.039170 0.013469
0 0.348437 0.326828 0.015527 0.009357
0 0.377886 0.329163 0.045732 0.013451
0 0.391216 0.341827 0.048604 0.021353
0 0.427144 0.365652 0.078779 0.057901
0 0.489106 0.384771 0.061767 0.045617
0 0.522622 0.390745 0.063174 0.040000
0 0.528696 0.398984 0.067236 0.033333
0 0.559477 0.409162 0.057099 0.028409
0 0.589448 0.419687 0.057510 0.029120
0 0.623692 0.421083 0.065157 0.023486
0 0.653437 0.432496 0.048593 0.025262
0 0.689307 0.442301 0.066113 0.028426
0 0.723243 0.450677 0.065625 0.024873
0 0.756054 0.462775 0.062109 0.021996
0 0.805273 0.483926 0.063671 0.037225
0 0.909473 0.446192 0.094336 0.073435
0 0.950195 0.458545 0.099609 0.077834
0 0.972656 0.472081 0.054688 0.074450
0 0.992188 0.496615 0.015625 0.042301
0 0.340664 0.366557 0.097226 0.064755
0 0.319345 0.418189 0.062695 0.065989
0 0.296709 0.430474 0.064688 0.051574
0 0.394780 0.396303 0.110107 0.082589
0 0.405420 0.418071 0.085196 0.062132
0 0.170742 0.310059 0.073730 0.040795
0 0.425215 0.427234 0.086230 0.068409
0 0.032168 0.259340 0.037500 0.052115
0 0.008418 0.264247 0.016836 0.036210
0 0.450000 0.434856 0.083594 0.071066
0 0.479405 0.448181 0.101113 0.077478
0 0.513789 0.461210 0.108282 0.081134
0 0.537060 0.474611 0.088457 0.081134
0 0.593198 0.470863 0.131768 0.087242
0 0.620507 0.495770 0.117969 0.091370
0 0.659180 0.503046 0.136719 0.095770
0 0.733398 0.510406 0.142579 0.082402
0 0.655762 0.575296 0.110352 0.104907
0 0.764795 0.560067 0.129394 0.101523
0 0.816113 0.585449 0.159570 0.111675
0 0.879590 0.610626 0.151875 0.117834
0 0.845313 0.502707 0.082617 0.051100
0 0.888672 0.519628 0.094531 0.057868
0 0.938086 0.532149 0.097852 0.052454
0 0.970703 0.546531 0.058594 0.050761
0 0.174209 0.318782 0.062696 0.038376
0 0.177139 0.326599 0.047227 0.039796
0 0.196973 0.327784 0.053418 0.043317
0 0.220948 0.328630 0.080469 0.045009
0 0.226514 0.335905 0.060742 0.036548
0 0.191504 0.376480 0.058008 0.050423
0 0.070508 0.274196 0.065723 0.044162
0 0.074902 0.281218 0.046191 0.040609
0 0.082788 0.283672 0.035694 0.035364
0 0.103310 0.286447 0.066211 0.041624
0 0.109268 0.295415 0.053907 0.036549
0 0.109512 0.299983 0.035254 0.032826
0 0.134512 0.299052 0.065332 0.039425
0 0.141689 0.305567 0.057617 0.039932
0 0.141348 0.310136 0.040332 0.033841
0 0.228770 0.347191 0.054493 0.051168
0 0.266914 0.345566 0.090704 0.058477
0 0.270957 0.361201 0.076758 0.053198
0 0.279512 0.364957 0.051211 0.046497
0 0.304766 0.365397 0.068789 0.068021
0 0.942168 0.629611 0.115664 0.117868
0 0.967680 0.669390 0.064639 0.121861
0 0.536133 0.854315 0.244141 0.230457
0 0.619140 0.918781 0.283203 0.162437
0 0.749512 0.949238 0.327148 0.101523
0 0.293945 0.912014 0.167969 0.175973
0 0.505791 0.276768 0.041836 0.027817
0 0.488330 0.274128 0.035508 0.026599
0 0.475381 0.271794 0.032812 0.023147
0 0.391455 0.273080 0.032324 0.007817
0 0.450166 0.254348 0.065156 0.043857
0 0.422685 0.241862 0.037617 0.060305
0 0.342198 0.265364 0.020117 0.009306
0 0.217773 0.555837 0.156250 0.106599
0 0.238916 0.582064 0.151660 0.108291
0 0.276660 0.605753 0.191992 0.128596
0 0.292480 0.634518 0.163085 0.128596
0 0.335449 0.667513 0.194336 0.143824
0 0.009448 0.360745 0.018896 0.015533
0 0.025063 0.393841 0.050127 0.052115
0 0.047143 0.416489 0.094287 0.065466
0 0.060518 0.426041 0.118925 0.064670
0 0.063540 0.436650 0.103818 0.066497
0 0.081826 0.447250 0.125274 0.074637
0 0.106504 0.457919 0.159512 0.093502
0 0.119541 0.472276 0.148886 0.093012
0 0.139648 0.489001 0.138672 0.101523
0 0.164502 0.508460 0.155176 0.116751
0 0.186523 0.536379 0.156250 0.111676
0 0.380371 0.704738 0.209961 0.157360
0 0.411621 0.750846 0.208008 0.180203
0 0.473144 0.799493 0.239257 0.194585
0 0.745557 0.777496 0.221582 0.123519
0 0.769532 0.828257 0.167969 0.130288
0 0.881153 0.862944 0.211523 0.155668
0 0.944824 0.920474 0.110352 0.159052
0 0.009765 0.730119 0.019531 0.049069
0 0.017090 0.771574 0.034180 0.043993
0 0.027344 0.810491 0.054688 0.050761
0 0.041504 0.862098 0.083008 0.079526
0 0.049316 0.913706 0.098633 0.101523
0 0.059570 0.965313 0.119141 0.069374
0 0.354258 0.267987 0.019238 0.010153
0 0.383750 0.270456 0.030860 0.013875
0 0.508682 0.305110 0.027539 0.019120
0 0.532559 0.304095 0.022168 0.025212
0 0.488349 0.295575 0.035157 0.010711
0 0.455400 0.289493 0.031250 0.014213
0 0.469268 0.292961 0.030078 0.012352
0 0.440312 0.283316 0.045605 0.017089
0 0.412520 0.279120 0.021797 0.011776
0 0.932783 0.338401 0.061758 0.045906
0 0.931601 0.321151 0.073243 0.044737
0 0.885185 0.311641 0.027421 0.021726
0 0.863799 0.306463 0.043242 0.024365
0 0.827998 0.306565 0.039610 0.022132
0 0.800752 0.305042 0.024024 0.012995
0 0.783350 0.299357 0.047578 0.019898
0 0.751358 0.296007 0.033515 0.017665
0 0.730381 0.292149 0.039844 0.019696
0 0.708408 0.289204 0.038555 0.023147
0 0.684327 0.282809 0.045469 0.025787
0 0.658076 0.278951 0.033047 0.020914
0 0.643545 0.274788 0.044062 0.020711
0 0.617119 0.271742 0.044180 0.022741
0 0.028413 0.168681 0.056826 0.036785
0 0.648911 0.242318 0.086904 0.057496
0 0.639468 0.715703 0.134268 0.098037
0 0.587432 0.674238 0.131328 0.071625
0 0.286543 0.470897 0.091172 0.039222
0 0.270044 0.479805 0.020850 0.036091
0 0.342778 0.490009 0.152979 0.058055
0 0.340283 0.511506 0.098359 0.061828
0 0.373789 0.527716 0.086172 0.041489
0 0.426918 0.547428 0.140459 0.050762
0 0.427842 0.566844 0.115684 0.052471
0 0.463618 0.591726 0.124033 0.057902
0 0.495478 0.608020 0.127695 0.056108
0 0.540258 0.655525 0.135791 0.093215
0 0.020459 0.316684 0.040918 0.013299
0 0.029775 0.340778 0.059551 0.040812
0 0.041152 0.354585 0.057656 0.036345
0 0.047891 0.361185 0.021679 0.036549
0 0.077305 0.363519 0.063164 0.044061
0 0.085391 0.372047 0.063399 0.028223
0 0.120781 0.387275 0.083789 0.044873
0 0.181397 0.399831 0.072539 0.032690
0 0.210752 0.418612 0.092578 0.034923
0 0.226231 0.436769 0.063789 0.029543
0 0.262173 0.451531 0.091123 0.051455
0 0.522255 0.279915 0.036797 0.026396
0 0.537725 0.284788 0.045000 0.025989
0 0.560283 0.286413 0.045352 0.026802
0 0.579268 0.286413 0.048633 0.020812
0 0.596699 0.293435 0.043848 0.025042
0 0.614082 0.299780 0.051074 0.031302
0 0.633614 0.300542 0.052051 0.030119
0 0.650166 0.308833 0.055860 0.038917
0 0.662959 0.315160 0.043360 0.037699
0 0.683662 0.314501 0.051172 0.035702
0 0.698115 0.315939 0.048047 0.030118
0 0.723017 0.314585 0.048047 0.025043
0 0.747480 0.320423 0.049707 0.031642
0 0.767461 0.327614 0.052032 0.036548
0 0.792701 0.332859 0.062861 0.044095
0 0.816045 0.337969 0.056114 0.040203
0 0.843076 0.341100 0.060918 0.044162
0 0.872520 0.345956 0.071211 0.049712
0 0.359073 0.271879 0.017383 0.010829
0 0.336855 0.263249 0.024903 0.012860
0 0.324414 0.261506 0.023730 0.015906
0 0.714741 0.344704 0.067354 0.036548
0 0.761777 0.357851 0.057656 0.024366
0 0.798833 0.367842 0.043448 0.018021
0 0.828931 0.374298 0.053017 0.022166
0 0.868515 0.380753 0.054277 0.019002
0 0.904512 0.390990 0.051191 0.022420
0 0.987534 0.375652 0.024932 0.045211
0 0.934932 0.401286 0.058008 0.026396
0 0.971436 0.409712 0.050625 0.021320
0 0.986011 0.415338 0.027979 0.024991
0 0.564648 0.308037 0.049707 0.023520
0 0.585009 0.315229 0.040039 0.010153
0 0.298145 0.255110 0.023535 0.015736
0 0.267090 0.249103 0.039160 0.028088
0 0.646651 0.339340 0.021425 0.025144
0 0.671875 0.350931 0.034454 0.039966
0 0.258252 0.268444 0.045898 0.027581
0 0.262207 0.272927 0.031543 0.025381
0 0.271338 0.275466 0.033203 0.028765
0 0.282910 0.278172 0.043262 0.030795
0 0.294971 0.282318 0.051953 0.035364
0 0.318799 0.286210 0.060156 0.034010
0 0.322852 0.289933 0.028027 0.027919
0 0.334936 0.290355 0.032763 0.030119
0 0.351220 0.296023 0.047461 0.036041
0 0.383545 0.295431 0.070508 0.040271
0 0.390967 0.303891 0.054102 0.038917
0 0.410254 0.307783 0.059278 0.037225
0 0.425644 0.313943 0.057793 0.038985
0 0.438159 0.320770 0.051045 0.041912
0 0.467124 0.319797 0.066514 0.041422
0 0.482383 0.330034 0.071152 0.046294
