0 0.355608 0.373520 0.024571 0.017380
0 0.410852 0.375295 0.030523 0.015516
0 0.089966 0.410662 0.057478 0.027623
0 0.733581 0.392352 0.032038 0.018090
0 0.831908 0.416795 0.035573 0.018750
0 0.853100 0.422987 0.030480 0.019260
0 0.878553 0.428290 0.030225 0.022060
0 0.902255 0.431938 0.040980 0.026470
0 0.952843 0.445217 0.046070 0.026387
0 0.990358 0.458325 0.019285 0.022736
0 0.567629 0.382542 0.033982 0.018090
0 0.614174 0.391786 0.038842 0.016027
0 0.625176 0.399445 0.035748 0.018856
0 0.677007 0.410932 0.033281 0.013577
0 0.684677 0.415852 0.017307 0.014763
0 0.716427 0.417465 0.051415 0.028676
0 0.737777 0.432396 0.048553 0.025453
0 0.776868 0.443906 0.040775 0.017307
0 0.802639 0.448997 0.046655 0.022193
0 0.855442 0.461367 0.040470 0.016800
0 0.884134 0.470895 0.050932 0.022696
0 0.937310 0.485848 0.045390 0.021990
0 0.972415 0.493668 0.055170 0.029890
0 0.772116 0.462172 0.050867 0.030037
0 0.520509 0.381388 0.026028 0.014930
0 0.568164 0.396363 0.039897 0.023500
0 0.603862 0.408589 0.022845 0.017817
0 0.619516 0.412492 0.041808 0.023077
0 0.640495 0.423785 0.035700 0.027236
0 0.687161 0.434072 0.044822 0.023110
0 0.694567 0.442267 0.037950 0.026267
0 0.720720 0.446747 0.050550 0.029320
0 0.796646 0.469050 0.045798 0.034480
0 0.665375 0.429470 0.036714 0.028254
0 0.822645 0.477988 0.045280 0.035790
0 0.852960 0.487400 0.053284 0.040666
0 0.888979 0.498805 0.062767 0.041416
0 0.926272 0.509321 0.052840 0.041437
0 0.965309 0.522043 0.069383 0.045647
0 0.986300 0.535598 0.027400 0.039663
0 0.514018 0.416360 0.045243 0.025706
0 0.525449 0.427025 0.032522 0.022564
0 0.543766 0.431739 0.042642 0.025157
0 0.565576 0.444675 0.050617 0.025544
0 0.614966 0.461600 0.051607 0.022226
0 0.629347 0.471654 0.045115 0.027067
0 0.654259 0.471612 0.064778 0.025790
0 0.669435 0.481878 0.050080 0.018837
0 0.691644 0.495028 0.042442 0.026983
0 0.334596 0.359255 0.033877 0.017430
0 0.344759 0.370928 0.018692 0.014790
0 0.344252 0.372902 0.008307 0.016850
0 0.367733 0.378322 0.035845 0.016850
0 0.721035 0.506498 0.051596 0.038110
0 0.756866 0.515215 0.075722 0.038390
0 0.796239 0.531389 0.065972 0.033843
0 0.837740 0.541776 0.092630 0.043807
0 0.883088 0.567385 0.099467 0.056136
0 0.940597 0.594560 0.083567 0.049114
0 0.390177 0.392072 0.037807 0.021497
0 0.398262 0.395784 0.034785 0.016613
0 0.405502 0.401369 0.041307 0.024677
0 0.438574 0.422169 0.027108 0.023417
0 0.456288 0.425580 0.046349 0.023926
0 0.458847 0.433472 0.038333 0.024843
0 0.583215 0.485450 0.072390 0.035674
0 0.597298 0.491610 0.044973 0.030200
0 0.622478 0.503559 0.072243 0.042957
0 0.654586 0.514701 0.082577 0.047357
0 0.478142 0.443690 0.055681 0.029440
0 0.488357 0.453405 0.056887 0.033936
0 0.507414 0.461166 0.060132 0.035887
0 0.700373 0.547279 0.073449 0.047797
0 0.743885 0.561991 0.098700 0.057883
0 0.800517 0.585355 0.100811 0.055770
0 0.846231 0.607915 0.083788 0.060696
0 0.907136 0.634694 0.109188 0.072527
0 0.955425 0.676580 0.089150 0.089514
0 0.998752 0.717203 0.002495 0.024873
0 0.256192 0.375220 0.022337 0.015780
0 0.266531 0.375770 0.038942 0.017726
0 0.272080 0.380362 0.041680 0.016970
0 0.275409 0.383069 0.040597 0.014083
0 0.276681 0.384553 0.040088 0.014340
0 0.287404 0.386928 0.023862 0.007890
0 0.273944 0.394310 0.033215 0.022146
0 0.291849 0.400351 0.046558 0.020857
0 0.282913 0.407882 0.023810 0.018383
0 0.303170 0.411910 0.051490 0.030120
0 0.321491 0.440871 0.052818 0.023163
0 0.333295 0.446685 0.060640 0.026470
0 0.343220 0.457597 0.066636 0.025073
0 0.353830 0.465221 0.074660 0.023897
0 0.356195 0.473725 0.077850 0.024484
0 0.350806 0.481054 0.074992 0.030933
0 0.360167 0.494335 0.087719 0.042824
0 0.376493 0.510713 0.085215 0.036360
0 0.371930 0.524568 0.054540 0.036210
0 0.410524 0.524495 0.095222 0.030790
0 0.417286 0.547880 0.111828 0.055566
0 0.435814 0.578022 0.108858 0.064950
0 0.468911 0.597449 0.107317 0.064803
0 0.211751 0.358447 0.035635 0.012300
0 0.214517 0.366507 0.037225 0.016887
0 0.210095 0.381227 0.041616 0.019853
0 0.229279 0.402458 0.050015 0.023517
0 0.227143 0.417680 0.054750 0.022600
0 0.230893 0.422812 0.059471 0.022357
0 0.233503 0.435752 0.062691 0.022910
0 0.245378 0.446410 0.073453 0.030640
0 0.245975 0.456415 0.063916 0.027484
0 0.265582 0.464965 0.052911 0.029030
0 0.251003 0.475697 0.074945 0.032900
0 0.248034 0.505253 0.087217 0.048380
0 0.278739 0.514192 0.090647 0.034837
0 0.277168 0.532470 0.094475 0.042926
0 0.282631 0.552897 0.103975 0.049260
0 0.301170 0.569433 0.109386 0.049967
0 0.316014 0.593713 0.115588 0.058760
0 0.337060 0.618783 0.138680 0.066680
0 0.328218 0.642447 0.086427 0.060520
0 0.379125 0.732167 0.166250 0.107000
0 0.357038 0.676683 0.164025 0.106633
0 0.496843 0.622829 0.116855 0.055523
0 0.516750 0.658783 0.137000 0.071767
0 0.563500 0.685500 0.146000 0.075666
0 0.593375 0.745833 0.157250 0.111000
0 0.417442 0.790800 0.194535 0.118926
0 0.452375 0.878583 0.225250 0.154167
0 0.027377 0.392892 0.049785 0.021783
0 0.022280 0.395095 0.044560 0.020430
0 0.021860 0.400054 0.043720 0.015147
0 0.013575 0.413335 0.027150 0.022976
0 0.035609 0.416938 0.061512 0.027290
0 0.027748 0.425317 0.055495 0.021140
0 0.026947 0.430428 0.048105 0.013490
0 0.029222 0.441662 0.058443 0.024557
0 0.024869 0.452720 0.049737 0.027614
0 0.016805 0.456995 0.033610 0.033476
0 0.042077 0.474309 0.064783 0.027857
0 0.056340 0.478635 0.090496 0.031964
0 0.052130 0.499367 0.104260 0.050727
0 0.049876 0.544390 0.099752 0.040614
0 0.045065 0.558983 0.090130 0.045040
0 0.039750 0.582167 0.079500 0.041000
0 0.042662 0.617567 0.085325 0.057533
0 0.025875 0.636867 0.051750 0.056267
0 0.024625 0.672667 0.049250 0.033333
0 0.099712 0.362628 0.040469 0.016630
0 0.093890 0.366407 0.040280 0.018920
0 0.078204 0.378495 0.044417 0.015270
0 0.077185 0.386471 0.044925 0.020023
0 0.030700 0.720017 0.061400 0.073367
0 0.018125 0.774500 0.036250 0.061666
0 0.037625 0.852417 0.075250 0.097833
0 0.032750 0.949167 0.065500 0.101667
0 0.678970 0.811500 0.170470 0.132514
