0 0.270732 0.404149 0.088711 0.129479
0 0.204385 0.480295 0.110977 0.145452
0 0.557012 0.019688 0.030664 0.039375
0 0.549814 0.030694 0.033399 0.053299
0 0.545381 0.048403 0.031640 0.049167
0 0.538428 0.062960 0.041348 0.066302
0 0.529737 0.088611 0.044551 0.073194
0 0.529653 0.127318 0.022099 0.061198
0 0.523325 0.152482 0.009951 0.041389
0 0.467041 0.162691 0.013574 0.035730
0 0.178808 0.555173 0.112735 0.146493
0 0.457324 0.219653 0.033750 0.082812
0 0.437993 0.276658 0.069190 0.082760
0 0.426182 0.339410 0.081836 0.108750
0 0.401660 0.389358 0.077344 0.112083
0 0.675040 0.441302 0.093379 0.165243
0 0.661113 0.364896 0.067090 0.060416
0 0.681870 0.338577 0.072530 0.097709
0 0.669521 0.286302 0.050977 0.098264
0 0.677636 0.184358 0.024219 0.046007
0 0.675957 0.159323 0.047812 0.074514
0 0.674942 0.136684 0.049101 0.068958
0 0.673183 0.099809 0.046523 0.058958
0 0.690879 0.077309 0.036680 0.062292
0 0.685020 0.049810 0.043007 0.041875
0 0.674961 0.041363 0.038184 0.059636
0 0.675010 0.011319 0.032031 0.022639
0 0.651884 0.798594 0.136113 0.214618
0 0.370723 0.943663 0.164746 0.112674
0 0.887221 0.909705 0.164521 0.180590
0 0.859858 0.759011 0.131670 0.167951
0 0.844776 0.634965 0.109941 0.147014
0 0.838886 0.530278 0.104727 0.117778
0 0.829497 0.434688 0.109600 0.127465
0 0.802276 0.388923 0.072227 0.101701
0 0.804599 0.330252 0.080469 0.112344
0 0.812280 0.240755 0.013643 0.066754
0 0.792456 0.174913 0.054052 0.092708
0 0.774165 0.098351 0.063564 0.082500
0 0.739858 0.101475 0.007315 0.052743
0 0.750757 0.060729 0.038955 0.065243
0 0.742881 0.042813 0.031836 0.062153
0 0.733164 0.021372 0.030566 0.039757
0 0.754781 0.011146 0.014463 0.022292
0 0.193418 0.875200 0.147890 0.249601
0 0.033398 0.853758 0.066797 0.267587
0 0.430171 0.791215 0.135967 0.184132
0 0.483091 0.652196 0.107295 0.135260
0 0.488687 0.547110 0.104169 0.125503
0 0.534468 0.456024 0.085498 0.108923
0 0.545694 0.395296 0.082715 0.103125
0 0.544648 0.324010 0.070703 0.094895
0 0.572783 0.263455 0.067774 0.091007
0 0.581611 0.230868 0.050098 0.057292
0 0.589776 0.210382 0.051973 0.075902
0 0.592100 0.154045 0.052617 0.067708
0 0.582446 0.137422 0.044502 0.073212
0 0.591387 0.108958 0.036211 0.032917
0 0.604882 0.093438 0.037109 0.061875
0 0.597392 0.071007 0.041699 0.043750
0 0.615635 0.059054 0.038555 0.063698
0 0.606045 0.034045 0.034766 0.030903
0 0.611953 0.016163 0.030762 0.024306
0 0.621577 0.021276 0.031826 0.042552
0 0.275669 0.715477 0.131220 0.195434
0 0.306181 0.570981 0.116153 0.178836
0 0.358525 0.503698 0.092813 0.132848
0 0.367871 0.437552 0.090918 0.100348
0 0.662031 0.657075 0.115117 0.143073
0 0.658882 0.545416 0.094834 0.139965
0 0.643819 0.982266 0.152773 0.035469
0 0.420972 0.047344 0.031924 0.055000
0 0.391094 0.080226 0.046406 0.062257
0 0.377236 0.111849 0.038672 0.061996
0 0.353720 0.139202 0.042871 0.054861
0 0.326114 0.171771 0.041367 0.071042
0 0.290420 0.186962 0.066114 0.081910
0 0.260947 0.235434 0.069941 0.099792
0 0.216865 0.313003 0.041699 0.103159
0 0.159854 0.337118 0.099141 0.148264
0 0.105473 0.453499 0.102939 0.131163
0 0.056016 0.525043 0.112031 0.136337
0 0.017329 0.588767 0.034658 0.096701
0 0.526084 0.009966 0.027402 0.019931
0 0.500674 0.021519 0.032324 0.043038
0 0.488223 0.036641 0.029981 0.051267
0 0.485513 0.053759 0.013975 0.035816
0 0.454160 0.070886 0.054785 0.107223
0 0.440493 0.131337 0.049619 0.049930
0 0.404985 0.179514 0.046221 0.086424
0 0.106089 0.697587 0.140322 0.199062
0 0.374458 0.195043 0.064346 0.108802
0 0.346264 0.247839 0.069893 0.105885
0 0.325293 0.304253 0.071778 0.096945
