0 0.306876 0.157353 0.056703 0.039499
0 0.271796 0.162254 0.046649 0.035600
0 0.518767 0.945439 0.182306 0.109123
0 0.557640 0.825581 0.190349 0.198569
0 0.929625 0.749553 0.140751 0.164580
0 0.956435 0.686941 0.087131 0.128802
0 0.985925 0.615385 0.028150 0.057245
0 0.586461 0.722719 0.148794 0.110912
0 0.633378 0.612702 0.143432 0.119857
0 0.397453 0.722719 0.095174 0.121646
0 0.469839 0.571557 0.089812 0.109123
0 0.526139 0.461539 0.073727 0.085867
0 0.569705 0.389088 0.050938 0.062612
0 0.603888 0.321109 0.057641 0.062612
0 0.671582 0.521467 0.120643 0.087656
0 0.666220 0.485689 0.117962 0.080501
0 0.679624 0.426654 0.101877 0.076923
0 0.705094 0.373972 0.096515 0.068157
0 0.711796 0.346333 0.096515 0.058676
0 0.724531 0.306798 0.089812 0.059034
0 0.988820 0.346145 0.022359 0.066100
0 0.989618 0.281682 0.020764 0.042039
0 0.985235 0.246011 0.029531 0.042218
0 0.974042 0.225886 0.051917 0.042397
0 0.978398 0.194221 0.043204 0.032737
0 0.975650 0.177943 0.048700 0.032737
0 0.856904 0.220877 0.062869 0.045796
0 0.981327 0.078032 0.027346 0.035778
0 0.736662 0.190340 0.067694 0.039356
0 0.526085 0.211861 0.064879 0.037031
0 0.541233 0.196566 0.056300 0.034347
0 0.552628 0.182433 0.054155 0.031842
0 0.564223 0.168748 0.050000 0.031664
0 0.575885 0.158104 0.056166 0.032916
0 0.736635 0.170000 0.069169 0.029874
0 0.749571 0.152737 0.051608 0.026118
0 0.747359 0.141109 0.058713 0.028980
0 0.749907 0.127692 0.063807 0.025403
0 0.761635 0.112308 0.048391 0.022898
0 0.761300 0.098443 0.049598 0.027013
0 0.774082 0.089320 0.034222 0.022719
0 0.010509 0.964097 0.021019 0.071807
0 0.052118 0.846270 0.104236 0.116762
0 0.104906 0.760930 0.144450 0.107764
0 0.153573 0.680966 0.136207 0.102326
0 0.206944 0.613238 0.118606 0.088408
0 0.001971 0.322719 0.003941 0.018926
0 0.024625 0.293864 0.049249 0.042755
0 0.043620 0.273829 0.064075 0.033453
0 0.066488 0.249373 0.071984 0.037567
0 0.106770 0.232111 0.048793 0.030590
0 0.137266 0.208944 0.054021 0.025761
0 0.160255 0.200357 0.047185 0.028265
0 0.179283 0.181789 0.050389 0.027192
0 0.178619 0.173202 0.065147 0.030412
0 0.719035 0.066690 0.028820 0.029875
0 0.037239 0.043936 0.014209 0.016458
0 0.058673 0.041181 0.028928 0.022147
0 0.077862 0.038515 0.027144 0.022540
0 0.086796 0.039696 0.014745 0.018247
0 0.110322 0.043006 0.040349 0.030233
0 0.252372 0.046064 0.026809 0.015921
0 0.300764 0.029428 0.029758 0.016995
0 0.146488 0.065885 0.038204 0.020751
0 0.546005 0.018766 0.042788 0.020608
0 0.569168 0.011744 0.064343 0.023488
0 0.620911 0.011449 0.041153 0.022898
0 0.680429 0.009481 0.033378 0.018962
0 0.254249 0.549373 0.113566 0.075993
0 0.298277 0.504088 0.106555 0.078193
0 0.329518 0.448721 0.103271 0.061556
0 0.370825 0.410519 0.097761 0.057818
0 0.388545 0.370948 0.088727 0.060286
0 0.419531 0.349848 0.078552 0.058980
0 0.448579 0.322674 0.083002 0.049965
0 0.454082 0.286869 0.075858 0.041217
0 0.475255 0.266101 0.074129 0.042755
0 0.496301 0.245617 0.070107 0.038640
0 0.505014 0.224776 0.070375 0.032021
0 0.004692 0.728086 0.009383 0.042934
0 0.042225 0.590340 0.084450 0.093024
0 0.113941 0.536672 0.069706 0.085867
0 0.170174 0.484347 0.072252 0.077818
0 0.255362 0.391771 0.068364 0.064400
0 0.294906 0.360465 0.064343 0.051878
0 0.329759 0.331842 0.067024 0.055457
0 0.352346 0.310376 0.062064 0.044723
0 0.374665 0.284347 0.054960 0.046690
0 0.398941 0.257371 0.056462 0.054311
0 0.421045 0.236887 0.048525 0.045438
0 0.445643 0.220975 0.054557 0.038264
0 0.455630 0.198703 0.051474 0.026672
0 0.479156 0.186798 0.051341 0.033989
0 0.134356 0.240627 0.059651 0.047585
0 0.009128 0.261243 0.018257 0.033936
0 0.031528 0.245814 0.034584 0.034347
0 0.063512 0.222487 0.036998 0.040429
0 0.095885 0.211485 0.032842 0.031664
0 0.124625 0.194544 0.034182 0.027370
0 0.478432 0.152147 0.054423 0.033810
0 0.485402 0.127728 0.061394 0.034705
0 0.286474 0.135152 0.054021 0.026476
0 0.358660 0.136762 0.050939 0.029696
0 0.420670 0.132576 0.051340 0.027907
0 0.006106 0.213721 0.012212 0.027836
0 0.034933 0.194365 0.058042 0.042934
0 0.094892 0.170107 0.053485 0.032558
0 0.126126 0.158122 0.039812 0.029338
0 0.145563 0.148104 0.042494 0.026834
0 0.197346 0.139857 0.038204 0.033632
0 0.480563 0.393560 0.068364 0.085868
0 0.219840 0.447228 0.075067 0.064401
0 0.687386 0.262755 0.076006 0.048122
0 0.842500 0.174472 0.066474 0.038998
0 0.845737 0.155850 0.071314 0.037209
0 0.845496 0.135778 0.065684 0.023435
0 0.851394 0.127013 0.057640 0.025223
0 0.853204 0.114937 0.059115 0.024687
0 0.490858 0.167227 0.038606 0.033274
0 0.520817 0.160071 0.037667 0.038641
0 0.010724 0.474955 0.021448 0.055456
0 0.036193 0.435599 0.072386 0.055456
0 0.006703 0.418605 0.013405 0.035778
0 0.082842 0.396243 0.098660 0.044723
0 0.109249 0.359571 0.076407 0.042934
0 0.025134 0.369678 0.050268 0.062076
0 0.073727 0.347317 0.045577 0.050626
0 0.110322 0.317173 0.044772 0.051163
0 0.150938 0.291682 0.044504 0.045259
0 0.148593 0.332737 0.078151 0.042934
0 0.192882 0.302933 0.071984 0.045617
0 0.232989 0.258085 0.094370 0.072451
0 0.281796 0.228981 0.067828 0.074061
0 0.320858 0.225671 0.026944 0.033274
0 0.320121 0.207066 0.030295 0.025045
0 0.329370 0.189883 0.049598 0.035403
0 0.354906 0.173077 0.046246 0.026834
0 0.292829 0.184901 0.039089 0.028121
0 0.181447 0.266726 0.037533 0.047764
0 0.205241 0.236941 0.033646 0.043292
0 0.235536 0.216994 0.026676 0.027371
0 0.257922 0.199821 0.034719 0.022362
0 0.342440 0.160627 0.050268 0.033095
