0 0.667354 0.045816 0.107408 0.042145
0 0.649700 0.031248 0.100650 0.054693
0 0.638708 0.019717 0.085000 0.039435
0 0.614445 0.013319 0.041475 0.026637
0 0.606979 0.005853 0.022542 0.011706
0 0.593841 0.005038 0.006933 0.010075
0 0.944204 0.050226 0.108692 0.062961
0 0.911805 0.037867 0.084675 0.055934
0 0.880095 0.033445 0.067225 0.048645
0 0.872405 0.023682 0.080525 0.047365
0 0.835754 0.020822 0.061825 0.041644
0 0.804625 0.013017 0.061084 0.026035
0 0.172367 0.093639 0.174450 0.097767
0 0.244934 0.056618 0.104433 0.066763
0 0.281000 0.039034 0.077534 0.061406
0 0.305912 0.012591 0.079341 0.025182
0 0.330883 0.011098 0.057450 0.022196
0 0.824583 0.322459 0.307500 0.178168
0 0.271250 0.234003 0.264166 0.161857
0 0.019584 0.223965 0.039167 0.079046
0 0.066250 0.186386 0.132500 0.104266
0 0.089458 0.172648 0.166083 0.129485
0 0.062500 0.904015 0.125000 0.191970
0 0.135000 0.654956 0.270000 0.406524
0 0.165000 0.459850 0.330000 0.289837
0 0.179584 0.347553 0.359167 0.218319
0 0.917917 0.726537 0.164167 0.303514
0 0.949167 0.927227 0.101667 0.145546
0 0.868333 0.525094 0.263333 0.269762
0 0.299950 0.178940 0.225366 0.114668
0 0.320400 0.148551 0.208434 0.107190
0 0.347871 0.119736 0.183642 0.099723
0 0.379184 0.085069 0.149733 0.080026
0 0.389512 0.063626 0.144775 0.087578
0 0.435213 0.027955 0.106259 0.055910
0 0.472746 0.020032 0.039358 0.040063
0 0.493379 0.010564 0.018975 0.021129
0 0.484075 0.012334 0.020816 0.024668
0 0.020250 0.051694 0.040500 0.062234
0 0.033375 0.031857 0.066750 0.063714
0 0.065692 0.028331 0.086200 0.056662
0 0.105755 0.023457 0.064475 0.046913
0 0.138987 0.019210 0.058325 0.038419
0 0.172546 0.015810 0.029258 0.031619
0 0.197521 0.011035 0.027208 0.022070
0 0.769583 0.245922 0.234167 0.125470
0 0.953750 0.249686 0.092500 0.095357
0 0.989167 0.094730 0.021667 0.043915
0 0.738750 0.173150 0.204166 0.107905
0 0.717500 0.128231 0.165000 0.075784
0 0.691375 0.115433 0.132750 0.070264
0 0.693483 0.091085 0.141417 0.064003
0 0.679796 0.078752 0.133542 0.062447
0 0.674508 0.056116 0.119650 0.042145
