0 0.798692 0.011415 0.009961 0.017471
0 0.030557 0.199076 0.061113 0.104209
0 0.751065 0.020033 0.027343 0.029950
0 0.847178 0.029485 0.030566 0.020965
0 0.837979 0.035981 0.015332 0.019285
0 0.817823 0.039418 0.044043 0.025291
0 0.815010 0.042729 0.030664 0.018802
0 0.796992 0.047421 0.036816 0.024626
0 0.784551 0.049335 0.018652 0.021297
0 0.766241 0.054908 0.044531 0.030783
0 0.754668 0.062629 0.058789 0.031282
0 0.746089 0.068436 0.037686 0.035774
0 0.723789 0.070383 0.039356 0.029451
0 0.708311 0.076207 0.066211 0.026123
0 0.708438 0.084609 0.047949 0.034110
0 0.684629 0.094443 0.049414 0.036772
0 0.660488 0.099501 0.050684 0.042096
0 0.638105 0.106240 0.047168 0.046090
0 0.610186 0.111381 0.057911 0.042596
0 0.605039 0.124992 0.045996 0.045923
0 0.569073 0.127937 0.065527 0.050083
0 0.542461 0.142313 0.053320 0.051714
0 0.502846 0.149991 0.073545 0.060383
0 0.460742 0.164717 0.092812 0.052230
0 0.428223 0.185940 0.086719 0.055740
0 0.371582 0.198669 0.084960 0.068552
0 0.318506 0.218802 0.081738 0.068220
0 0.259180 0.240432 0.092969 0.078203
0 0.200098 0.257904 0.101758 0.073211
0 0.130372 0.286190 0.098633 0.096506
0 0.051270 0.321132 0.102539 0.129783
0 0.878926 0.019368 0.021973 0.017138
0 0.889624 0.036972 0.069444 0.036273
0 0.876709 0.035475 0.036132 0.007987
0 0.884219 0.049651 0.039160 0.027621
0 0.815947 0.059834 0.060352 0.016306
0 0.860039 0.053594 0.044238 0.027788
0 0.854668 0.061830 0.036622 0.025624
0 0.837754 0.073876 0.036621 0.028619
0 0.825713 0.078153 0.042188 0.032612
0 0.789590 0.076938 0.061524 0.020299
0 0.807813 0.088203 0.043555 0.022130
0 0.790722 0.098736 0.053321 0.038269
0 0.744717 0.104026 0.072461 0.035441
0 0.737979 0.114925 0.083203 0.038602
0 0.735474 0.125075 0.059658 0.041930
0 0.694238 0.139002 0.091797 0.051081
0 0.692422 0.144825 0.059531 0.048519
0 0.656319 0.147396 0.060879 0.040250
0 0.633935 0.162146 0.072227 0.043128
0 0.577251 0.170691 0.079736 0.040249
0 0.977553 0.047604 0.044893 0.042596
0 0.939209 0.046422 0.066114 0.020965
0 0.956348 0.058153 0.042969 0.033444
0 0.938701 0.067021 0.048340 0.032113
0 0.924434 0.070816 0.041992 0.029451
0 0.890127 0.073211 0.068652 0.024127
0 0.921084 0.083927 0.049512 0.031115
0 0.908008 0.093810 0.047852 0.041431
0 0.873447 0.090799 0.084961 0.024127
0 0.881680 0.104094 0.073926 0.031281
0 0.877822 0.115524 0.055762 0.040266
0 0.828813 0.117188 0.090811 0.038570
0 0.826387 0.136522 0.091895 0.050083
0 0.826074 0.145541 0.064258 0.055075
0 0.818379 0.153960 0.055664 0.050748
0 0.794678 0.163144 0.071777 0.064393
0 0.766406 0.178036 0.078516 0.073211
0 0.748535 0.193012 0.063476 0.056573
0 0.695801 0.198835 0.079102 0.064892
0 0.617627 0.205491 0.100684 0.058236
0 0.523584 0.213811 0.109082 0.074875
0 0.482910 0.237104 0.086914 0.078203
0 0.423291 0.263727 0.124122 0.101498
0 0.363281 0.288686 0.128906 0.098169
0 0.313965 0.312812 0.104492 0.093178
0 0.227540 0.344426 0.140625 0.129784
0 0.153809 0.400166 0.149414 0.161397
0 0.645507 0.258736 0.123047 0.091515
0 0.588135 0.282030 0.130371 0.088186
0 0.556152 0.315308 0.149414 0.118136
0 0.287598 0.499168 0.184571 0.196340
0 0.351758 0.421214 0.160547 0.155907
0 0.509278 0.358569 0.147461 0.124792
0 0.437500 0.388520 0.148438 0.138103
0 0.994150 0.061165 0.011426 0.006822
0 0.990020 0.068236 0.019961 0.007654
0 0.972724 0.083993 0.054551 0.026456
0 0.988355 0.083161 0.023291 0.007821
0 0.975088 0.120482 0.049804 0.039601
0 0.983047 0.132313 0.033106 0.044226
0 0.935957 0.132495 0.106934 0.049917
0 0.935049 0.150965 0.106406 0.056906
0 0.919199 0.162079 0.111211 0.047521
0 0.963838 0.099800 0.072266 0.026456
0 0.916455 0.173877 0.112402 0.041598
0 0.930664 0.199667 0.082032 0.073211
0 0.901367 0.212979 0.085938 0.073211
0 0.857812 0.226289 0.128125 0.083195
0 0.834472 0.242096 0.094727 0.074875
0 0.762695 0.248752 0.144531 0.061564
0 0.811035 0.306988 0.094726 0.108153
0 0.740235 0.326955 0.171875 0.121464
0 0.719239 0.386023 0.182617 0.126456
0 0.676270 0.435109 0.196289 0.144759
0 0.624512 0.486689 0.208008 0.188020
0 0.537598 0.529950 0.223633 0.207986
0 0.480957 0.643927 0.247070 0.252912
0 0.997510 0.160499 0.004590 0.021630
0 0.991333 0.185424 0.017178 0.028120
0 0.991943 0.199068 0.015625 0.017804
0 0.978125 0.216806 0.043750 0.034609
0 0.967910 0.240432 0.064180 0.041331
0 0.979947 0.261023 0.040107 0.046240
0 0.923413 0.297030 0.143096 0.079916
0 0.935464 0.315000 0.129072 0.061814
0 0.923013 0.360175 0.153975 0.063477
0 0.869141 0.423461 0.093750 0.068220
0 0.891601 0.506656 0.216797 0.124792
0 0.865722 0.573211 0.250977 0.128120
0 0.823242 0.675540 0.300781 0.199667
0 0.776855 0.844426 0.319335 0.311148
0 0.053222 0.470050 0.106445 0.164726
0 0.014649 0.600665 0.029297 0.129783
0 0.154786 0.580699 0.182617 0.196340
0 0.379883 0.782030 0.304688 0.312812
0 0.683593 0.933445 0.332031 0.133111
0 0.402343 0.951747 0.300781 0.096506
0 0.128418 0.821132 0.256836 0.334443
0 0.047364 0.940100 0.094727 0.119800
0 0.430771 0.013245 0.031250 0.023128
0 0.401772 0.015508 0.031475 0.023295
0 0.355713 0.016365 0.053614 0.032729
0 0.310742 0.027653 0.039648 0.028619
0 0.269942 0.032995 0.042773 0.029618
0 0.223540 0.037986 0.045518 0.036107
0 0.173281 0.046390 0.046289 0.032779
0 0.114326 0.052247 0.056484 0.037737
0 0.064209 0.053893 0.037012 0.036273
0 0.600938 0.009426 0.035059 0.018852
0 0.560742 0.012879 0.032520 0.025624
0 0.537646 0.019701 0.034765 0.019633
0 0.502949 0.023677 0.032129 0.022962
0 0.473604 0.030599 0.042675 0.030948
0 0.436113 0.037421 0.039258 0.029284
0 0.395254 0.043378 0.046582 0.036606
0 0.349502 0.052995 0.054200 0.047254
0 0.297002 0.059068 0.054688 0.028286
0 0.249140 0.066040 0.050683 0.027288
0 0.172793 0.072013 0.051074 0.029285
0 0.108657 0.091888 0.065244 0.031863
0 0.687339 0.006922 0.026338 0.013844
0 0.682695 0.011190 0.011914 0.012662
0 0.675068 0.011856 0.022168 0.015957
0 0.663837 0.015349 0.037793 0.020316
0 0.643916 0.016598 0.034766 0.017121
0 0.626230 0.019800 0.025977 0.017305
0 0.619795 0.024609 0.018554 0.014808
0 0.591250 0.028785 0.031934 0.019301
0 0.578222 0.031764 0.033887 0.018636
0 0.563477 0.035973 0.030567 0.020299
0 0.544063 0.036855 0.041503 0.021131
0 0.523623 0.041631 0.038672 0.024293
0 0.506757 0.046340 0.040723 0.024293
0 0.490938 0.051397 0.039747 0.022463
0 0.467246 0.052745 0.033692 0.014476
0 0.447568 0.058137 0.031933 0.017305
0 0.425439 0.061980 0.037597 0.020632
0 0.371822 0.074659 0.036533 0.029118
0 0.335293 0.080416 0.040430 0.033944
0 0.300547 0.086772 0.058008 0.043594
0 0.266968 0.092446 0.052061 0.031780
0 0.217188 0.086956 0.062579 0.040133
0 0.176475 0.098768 0.062500 0.040599
0 0.608955 0.025524 0.026368 0.015308
0 0.131328 0.112197 0.071016 0.045757
0 0.081045 0.130183 0.068438 0.067488
0 0.034052 0.150823 0.068105 0.093161
0 0.618189 0.052887 0.043603 0.037554
0 0.203692 0.150774 0.083535 0.089701
0 0.400752 0.068752 0.034375 0.021464
0 0.817344 0.012488 0.020508 0.024975
0 0.806748 0.018569 0.022950 0.031780
0 0.781425 0.021182 0.028613 0.031281
0 0.729843 0.019467 0.049609 0.035607
0 0.727275 0.023029 0.034375 0.029285
0 0.717412 0.025774 0.040820 0.033111
0 0.708408 0.028270 0.040234 0.031614
0 0.702026 0.032688 0.038662 0.029601
0 0.690156 0.037504 0.037012 0.031281
0 0.673584 0.040016 0.043066 0.033611
0 0.661372 0.042862 0.045010 0.034776
0 0.646934 0.044593 0.041895 0.035607
0 0.635820 0.049883 0.042578 0.035941
0 0.603916 0.056772 0.044708 0.036938
0 0.589082 0.060449 0.043750 0.037438
0 0.567949 0.065075 0.050293 0.038935
0 0.552334 0.071431 0.049122 0.040100
0 0.535937 0.076024 0.051855 0.041431
0 0.518614 0.080999 0.046387 0.039767
0 0.493028 0.082197 0.061621 0.048919
0 0.467940 0.090033 0.057617 0.047754
0 0.440498 0.096139 0.063574 0.049251
0 0.410088 0.104010 0.062012 0.053244
0 0.372578 0.111364 0.065274 0.061098
0 0.337305 0.123628 0.070078 0.058303
0 0.290928 0.135009 0.065254 0.067887
0 0.755762 0.017471 0.026660 0.028786
0 0.247134 0.137005 0.082119 0.083860
0 0.150117 0.167330 0.081172 0.081381
0 0.090224 0.188086 0.075429 0.081365
