0 0.151172 0.952084 0.255468 0.095833
0 0.359765 0.997916 0.019531 0.004167
0 0.210547 0.264583 0.117969 0.087500
0 0.233985 0.297917 0.088281 0.052083
0 0.247657 0.317240 0.092187 0.050937
0 0.271094 0.329688 0.106250 0.053125
0 0.279297 0.358333 0.107032 0.050000
0 0.298828 0.386980 0.121094 0.071875
0 0.315625 0.422917 0.104688 0.072917
0 0.358984 0.448959 0.132031 0.097917
0 0.383984 0.494792 0.121094 0.087500
0 0.413281 0.531771 0.131250 0.082292
0 0.436719 0.577604 0.150000 0.111458
0 0.485156 0.633854 0.179687 0.144792
0 0.535156 0.705156 0.173438 0.133438
0 0.346484 0.273958 0.085156 0.035417
0 0.354414 0.300000 0.093204 0.045834
0 0.379687 0.315625 0.096875 0.052084
0 0.391680 0.338021 0.084922 0.048958
0 0.420312 0.360938 0.115625 0.071875
0 0.450781 0.395833 0.093750 0.068750
0 0.484375 0.410937 0.110938 0.055209
0 0.503125 0.447917 0.126562 0.081250
0 0.549609 0.485417 0.138281 0.070833
0 0.578515 0.518750 0.150781 0.102084
0 0.635938 0.583333 0.151563 0.102083
0 0.683593 0.627604 0.146875 0.111458
0 0.748828 0.687500 0.157032 0.120834
0 0.819922 0.768229 0.175782 0.132292
0 0.903515 0.859896 0.186719 0.163542
0 0.954297 0.939584 0.091406 0.120833
0 0.813281 0.970834 0.189063 0.058333
0 0.488453 0.004063 0.020703 0.008125
0 0.452391 0.001437 0.015922 0.002875
0 0.004024 0.018135 0.008047 0.010937
0 0.016164 0.017875 0.007968 0.009896
0 0.062289 0.015823 0.007188 0.010000
0 0.058024 0.011281 0.006875 0.008542
0 0.129804 0.014250 0.009141 0.008438
0 0.156039 0.009605 0.007188 0.008021
0 0.133632 0.012021 0.006953 0.009792
0 0.117179 0.013125 0.009219 0.009896
0 0.072117 0.014735 0.009844 0.011157
0 0.021657 0.010271 0.007109 0.007500
0 0.144664 0.009375 0.007110 0.009896
0 0.123922 0.012344 0.005938 0.009167
0 0.160703 0.005395 0.008906 0.005729
0 0.137773 0.004250 0.007891 0.006562
0 0.126297 0.004771 0.006484 0.006250
0 0.054719 0.006865 0.006016 0.006667
0 0.122656 0.784375 0.206250 0.116666
0 0.098437 0.691666 0.196875 0.147917
0 0.110547 0.607812 0.158594 0.065625
0 0.101954 0.567708 0.155469 0.077083
0 0.079688 0.524479 0.151563 0.084375
0 0.070312 0.482292 0.140625 0.087500
0 0.065625 0.443229 0.131250 0.067708
0 0.056641 0.398438 0.113281 0.044791
0 0.047656 0.384896 0.095312 0.059375
0 0.049297 0.363125 0.098594 0.040834
0 0.041016 0.334896 0.082031 0.030208
0 0.049218 0.316146 0.082813 0.044792
0 0.024219 0.130208 0.020312 0.025000
0 0.264062 0.136979 0.028125 0.023958
0 0.441016 0.220833 0.027344 0.029167
0 0.428179 0.200875 0.048563 0.030626
0 0.405773 0.189750 0.032250 0.029626
0 0.393586 0.184469 0.022875 0.025125
0 0.532485 0.202937 0.021657 0.033625
0 0.996094 0.623959 0.007812 0.039583
0 0.956641 0.564063 0.086719 0.098959
0 0.900390 0.518230 0.117969 0.096875
0 0.850781 0.468698 0.137500 0.108438
0 0.785976 0.445312 0.107891 0.080209
0 0.751953 0.411979 0.110156 0.071875
0 0.696875 0.391667 0.081250 0.070833
0 0.666406 0.358854 0.101562 0.073958
0 0.632031 0.338542 0.078125 0.062500
0 0.603516 0.317188 0.097656 0.073959
0 0.575390 0.302084 0.078907 0.059167
0 0.274836 0.006427 0.020234 0.012854
0 0.980859 0.480208 0.038281 0.068750
0 0.956250 0.448438 0.087500 0.069791
0 0.125391 0.883333 0.232031 0.147917
0 0.894141 0.406770 0.092969 0.046875
0 0.852930 0.382812 0.105859 0.069791
0 0.795000 0.357552 0.094688 0.061980
0 0.756641 0.338333 0.075781 0.053750
0 0.700070 0.295063 0.089984 0.053395
0 0.649582 0.285406 0.059961 0.044250
0 0.622215 0.266125 0.069414 0.032396
0 0.604394 0.252714 0.083929 0.042302
0 0.991129 0.362120 0.017742 0.036594
0 0.965797 0.339792 0.068406 0.055208
0 0.932457 0.317839 0.087476 0.058969
0 0.889781 0.301458 0.075328 0.054000
0 0.547109 0.101750 0.035813 0.020500
0 0.401312 0.034656 0.015750 0.012875
0 0.856637 0.284338 0.080055 0.049323
0 0.993691 0.307245 0.012617 0.014094
0 0.968136 0.286844 0.063727 0.050937
0 0.930852 0.274292 0.047250 0.029500
0 0.890321 0.260042 0.068625 0.030000
0 0.806106 0.228078 0.094867 0.073614
0 0.576485 0.142834 0.047437 0.027375
0 0.316024 0.013291 0.018985 0.018437
0 0.246140 0.008667 0.010313 0.009583
0 0.229371 0.004391 0.012898 0.008781
0 0.210606 0.002135 0.008383 0.004271
0 0.199817 0.001521 0.008429 0.003042
0 0.200321 0.011604 0.010547 0.008542
0 0.189703 0.011135 0.010938 0.010521
0 0.180258 0.012042 0.009141 0.008125
0 0.171422 0.013156 0.010469 0.008646
0 0.161215 0.013198 0.008758 0.007708
0 0.151367 0.013125 0.008594 0.008020
0 0.140594 0.014021 0.009687 0.010000
0 0.119679 0.017073 0.008437 0.008958
0 0.108469 0.016677 0.008672 0.009896
0 0.098375 0.017031 0.011484 0.010833
0 0.081383 0.017448 0.010312 0.010416
0 0.069031 0.018229 0.010000 0.010521
0 0.057367 0.019115 0.008750 0.008750
0 0.046977 0.019062 0.009219 0.009687
0 0.036187 0.019792 0.010469 0.009375
0 0.023766 0.019427 0.009453 0.010208
0 0.012398 0.020677 0.008750 0.009792
0 0.852531 0.025719 0.023203 0.017688
0 0.636039 0.006495 0.034062 0.012990
