0 0.636667 0.853174 0.350000 0.293651
0 0.286308 0.010651 0.027867 0.021302
0 0.146230 0.035976 0.127075 0.054714
0 0.222825 0.052929 0.109400 0.105857
0 0.326450 0.008167 0.027766 0.016333
0 0.415025 0.026381 0.150666 0.052762
0 0.587225 0.057770 0.198650 0.115540
0 0.325933 0.073936 0.148983 0.118253
0 0.185354 0.155254 0.172975 0.199936
0 0.176495 0.239428 0.145875 0.263143
0 0.462709 0.167461 0.201917 0.242857
0 0.350583 0.247619 0.202833 0.257142
0 0.052754 0.244969 0.105508 0.489937
0 0.742917 0.055556 0.112500 0.111111
0 0.844167 0.100793 0.148333 0.201587
0 0.625000 0.220635 0.188334 0.250794
0 0.758750 0.246032 0.185834 0.209524
0 0.862916 0.234920 0.164167 0.092063
0 0.420000 0.334127 0.196666 0.255556
0 0.339292 0.525397 0.275250 0.311111
0 0.548937 0.429825 0.202359 0.278635
0 0.633021 0.470460 0.227708 0.300000
0 0.397500 0.702381 0.253334 0.433334
0 0.842500 0.403968 0.315000 0.290476
0 0.147545 0.776666 0.287875 0.446667
0 0.973750 0.202381 0.052500 0.252381
0 0.721250 0.636508 0.274166 0.349206
0 0.473750 0.792064 0.259166 0.415873
0 0.923334 0.697619 0.153333 0.519048
0 0.979167 0.902381 0.041667 0.195238
