0 0.836097 0.037544 0.059722 0.075088
0 0.197222 0.045600 0.056944 0.091200
0 0.154861 0.052000 0.040278 0.104000
0 0.120139 0.048000 0.045834 0.096000
0 0.055556 0.044800 0.111111 0.089600
0 0.035764 0.055200 0.071528 0.078400
0 0.614931 0.011200 0.025695 0.022400
0 0.590625 0.019200 0.035416 0.038400
0 0.560763 0.030400 0.042361 0.060800
0 0.524652 0.033600 0.060417 0.067200
0 0.474653 0.058400 0.093750 0.116800
0 0.420139 0.060000 0.131944 0.120000
0 0.378819 0.067200 0.143750 0.102400
0 0.278472 0.129600 0.219444 0.195200
0 0.357292 0.187200 0.171528 0.156800
0 0.143750 0.174400 0.287500 0.176000
0 0.060764 0.306400 0.121528 0.168000
0 0.985389 0.009688 0.014166 0.019376
0 0.973181 0.014696 0.019000 0.029392
0 0.962465 0.019416 0.024305 0.038832
0 0.943941 0.026528 0.025298 0.053056
0 0.928990 0.032848 0.043854 0.065696
0 0.900799 0.036096 0.036459 0.072192
0 0.874389 0.035632 0.027111 0.071264
0 0.796955 0.040632 0.054618 0.081264
0 0.762455 0.067392 0.076798 0.134784
0 0.727253 0.065352 0.064465 0.130704
0 0.685021 0.065656 0.142806 0.131312
0 0.638889 0.078400 0.156944 0.108800
0 0.583403 0.138400 0.185972 0.148800
0 0.500000 0.227200 0.333334 0.211200
0 0.424306 0.348000 0.243055 0.190400
0 0.278125 0.434400 0.396528 0.369600
0 0.222222 0.510400 0.444444 0.275200
0 0.715625 0.192800 0.202084 0.126400
0 0.984375 0.129600 0.031250 0.054400
0 0.877431 0.133600 0.227083 0.123200
0 0.987500 0.194400 0.025000 0.075200
0 0.883333 0.280000 0.233333 0.230400
0 0.768403 0.283200 0.231250 0.073600
0 0.848264 0.479200 0.303472 0.382400
0 0.787813 0.489600 0.386875 0.339200
0 0.695833 0.464800 0.466667 0.273600
0 0.710069 0.625600 0.520139 0.419200
0 0.970834 0.720800 0.058333 0.184000
0 0.990278 0.765600 0.019444 0.081600
0 0.132986 0.578400 0.265972 0.312000
0 0.504862 0.814400 0.523611 0.371200
0 0.858854 0.905600 0.282292 0.188800
0 0.873264 0.984000 0.253472 0.032000
0 0.288542 0.860800 0.577083 0.278400
0 0.340625 0.008000 0.018750 0.016000
0 0.313889 0.016000 0.036111 0.032000
0 0.267709 0.018400 0.057639 0.036800
0 0.229861 0.019200 0.020834 0.038400
