0 0.496611 0.111428 0.186441 0.131429
0 0.907627 0.127143 0.184746 0.088572
0 0.894915 0.171428 0.210169 0.091429
0 0.871186 0.211857 0.257627 0.109428
0 0.865254 0.261429 0.269492 0.128571
0 0.828813 0.321429 0.342373 0.180000
0 0.827966 0.382857 0.310170 0.188572
0 0.795762 0.440000 0.313559 0.205714
0 0.738136 0.505714 0.361017 0.240000
0 0.691526 0.598572 0.383051 0.265715
0 0.636440 0.677143 0.401695 0.280000
0 0.570339 0.801428 0.438984 0.322857
0 0.967034 0.055715 0.065932 0.111429
0 0.584745 0.051429 0.101695 0.102857
0 0.011017 0.288571 0.022034 0.074285
0 0.044068 0.240000 0.088136 0.097142
0 0.074577 0.208572 0.149153 0.108571
0 0.833051 0.060000 0.096610 0.120000
0 0.093220 0.172857 0.186441 0.122857
0 0.160170 0.132857 0.154237 0.105714
0 0.233051 0.082857 0.211864 0.120000
0 0.250000 0.017143 0.106780 0.034286
0 0.096610 0.024286 0.108474 0.048571
0 0.075424 0.588572 0.150847 0.251429
0 0.096610 0.480000 0.193220 0.240000
0 0.126271 0.435714 0.252542 0.220000
0 0.148305 0.374286 0.296610 0.205714
0 0.222882 0.338572 0.249153 0.202857
0 0.294068 0.287143 0.235593 0.214286
0 0.331356 0.242857 0.215254 0.165714
0 0.353390 0.202857 0.249152 0.160000
0 0.414407 0.184285 0.222034 0.168571
0 0.452542 0.138572 0.223729 0.151429
