0 0.655625 0.908552 0.428750 0.182895
0 0.669375 0.958646 0.316250 0.082707
0 0.153125 0.031015 0.096250 0.062030
0 0.370000 0.018797 0.077500 0.037594
0 0.306250 0.071429 0.332500 0.142857
0 0.358125 0.114379 0.323750 0.132143
0 0.331250 0.099624 0.147500 0.037594
0 0.391250 0.206767 0.375000 0.195488
0 0.461875 0.250940 0.301250 0.125940
0 0.441250 0.330827 0.370000 0.165414
0 0.447500 0.403196 0.342500 0.193609
0 0.492312 0.495864 0.340375 0.127067
0 0.513125 0.593046 0.381250 0.242481
0 0.586250 0.633458 0.330000 0.135339
0 0.570625 0.723684 0.401250 0.203008
0 0.604375 0.778196 0.398750 0.195489
0 0.635000 0.861842 0.447500 0.227444
