0 0.389917 0.096475 0.028400 0.017850
0 0.372713 0.095644 0.022175 0.017712
0 0.359538 0.093481 0.027509 0.017287
0 0.988138 0.120919 0.023725 0.019337
0 0.973966 0.117869 0.049533 0.020738
0 0.946175 0.116357 0.046366 0.021163
0 0.922762 0.114156 0.045475 0.019262
0 0.900142 0.113794 0.044400 0.020338
0 0.875475 0.115381 0.045216 0.028288
0 0.851671 0.112825 0.044242 0.027450
0 0.827862 0.110831 0.041041 0.025587
0 0.807342 0.109631 0.040150 0.028512
0 0.787354 0.108963 0.039625 0.028250
0 0.765971 0.102188 0.037608 0.018875
0 0.745984 0.101412 0.037317 0.019551
0 0.727000 0.100444 0.033684 0.018512
0 0.707762 0.098743 0.033809 0.017763
0 0.688133 0.097707 0.031833 0.017537
0 0.669967 0.096600 0.028133 0.017400
0 0.651266 0.095825 0.026633 0.016500
0 0.635366 0.094525 0.026733 0.015425
0 0.618208 0.093850 0.024167 0.015425
0 0.603341 0.092988 0.022933 0.014801
0 0.588075 0.092138 0.023650 0.014949
0 0.985271 0.157194 0.029458 0.040188
0 0.568100 0.132488 0.016700 0.017250
0 0.558383 0.143600 0.020283 0.010625
0 0.585187 0.131575 0.025441 0.016026
0 0.606155 0.133481 0.032875 0.015763
0 0.624154 0.137956 0.022825 0.016288
0 0.683358 0.143332 0.022550 0.018687
0 0.652625 0.139906 0.045284 0.020738
0 0.710254 0.150018 0.034958 0.013113
0 0.728033 0.152138 0.040100 0.012575
0 0.750179 0.155062 0.040508 0.011575
0 0.773467 0.158225 0.039383 0.010326
0 0.789867 0.161693 0.036817 0.011713
0 0.818267 0.164038 0.043067 0.014625
0 0.842571 0.167681 0.044008 0.016962
0 0.868742 0.170225 0.049250 0.017124
0 0.896958 0.173569 0.053300 0.016837
0 0.849100 0.089681 0.017484 0.005863
0 0.828929 0.089456 0.025542 0.009437
0 0.772892 0.090118 0.021950 0.008513
0 0.792950 0.091237 0.020566 0.008625
0 0.809571 0.093394 0.013942 0.009062
0 0.829433 0.093675 0.025050 0.008150
0 0.854459 0.094706 0.025417 0.008513
0 0.878454 0.096812 0.024308 0.009975
0 0.902745 0.098982 0.027025 0.011287
0 0.929879 0.099243 0.027275 0.010737
0 0.958833 0.101688 0.035783 0.015575
0 0.987488 0.102988 0.025025 0.013250
0 0.243867 0.187519 0.060250 0.019588
0 0.268671 0.195700 0.059325 0.019900
0 0.295579 0.202444 0.068258 0.025312
0 0.881250 0.496875 0.237500 0.261250
0 0.317833 0.210768 0.070083 0.022763
0 0.338717 0.231106 0.070450 0.047013
0 0.364055 0.244700 0.084825 0.056450
0 0.392737 0.253594 0.102759 0.054862
0 0.435380 0.264225 0.127925 0.059075
0 0.497271 0.290150 0.110158 0.031100
0 0.561434 0.342318 0.124083 0.111287
0 0.611959 0.403062 0.163083 0.200325
0 0.682542 0.426875 0.188417 0.203750
0 0.761667 0.466250 0.196667 0.237500
0 0.145834 0.251800 0.044417 0.095475
0 0.152054 0.256231 0.028442 0.085788
0 0.195746 0.245256 0.080008 0.109638
0 0.206254 0.251244 0.083808 0.106788
0 0.225346 0.260050 0.093658 0.109900
0 0.240725 0.265238 0.095900 0.102650
0 0.270317 0.271838 0.109333 0.102051
0 0.299934 0.311331 0.143083 0.084613
0 0.367834 0.333587 0.156267 0.097425
0 0.438004 0.389118 0.190508 0.177813
0 0.124571 0.342762 0.122342 0.086575
0 0.169675 0.361969 0.130984 0.096688
0 0.201042 0.382406 0.146067 0.098913
0 0.241850 0.411631 0.154284 0.116462
0 0.293837 0.438294 0.165891 0.117262
0 0.351442 0.476300 0.184233 0.138000
0 0.406250 0.517500 0.195834 0.152500
0 0.482083 0.556875 0.229167 0.156250
0 0.582917 0.616875 0.257500 0.181250
0 0.014412 0.127513 0.028825 0.011875
0 0.014179 0.135375 0.028358 0.013375
0 0.021500 0.153037 0.043000 0.025375
0 0.015834 0.150725 0.031667 0.005250
0 0.016834 0.156157 0.033667 0.008513
0 0.017583 0.160981 0.035167 0.006638
0 0.023741 0.167437 0.047483 0.006250
0 0.026075 0.173312 0.052150 0.008000
0 0.029084 0.196931 0.058167 0.043812
0 0.046650 0.251825 0.092534 0.138800
0 0.004925 0.222825 0.009850 0.007050
0 0.026129 0.281144 0.052258 0.109962
0 0.926250 0.897500 0.147500 0.205000
0 0.012304 0.324082 0.024608 0.017687
0 0.033837 0.346044 0.067675 0.028137
0 0.042792 0.372306 0.085583 0.035887
0 0.065258 0.433318 0.130517 0.100863
0 0.089592 0.513225 0.179183 0.196650
0 0.114583 0.568125 0.200833 0.233750
0 0.169625 0.624375 0.232584 0.266250
0 0.012084 0.617500 0.024167 0.037500
0 0.031667 0.667500 0.063333 0.097500
0 0.228333 0.696250 0.270000 0.307500
0 0.318334 0.796875 0.306667 0.373750
0 0.063334 0.771875 0.126667 0.123750
0 0.108750 0.914375 0.217500 0.171250
0 0.421667 0.850000 0.383333 0.300000
0 0.703750 0.705000 0.315834 0.235000
0 0.955000 0.547500 0.090000 0.275000
0 0.599166 0.911250 0.461667 0.177500
0 0.838334 0.833125 0.323333 0.333750
0 0.431366 0.137937 0.013917 0.021125
0 0.415534 0.130500 0.020583 0.008500
0 0.942679 0.152231 0.064658 0.036713
0 0.968595 0.155369 0.053425 0.038662
0 0.232459 0.181794 0.055933 0.017738
0 0.222379 0.180325 0.055108 0.020675
0 0.208604 0.177906 0.054908 0.029763
0 0.199779 0.177257 0.054492 0.036713
0 0.189979 0.176831 0.052558 0.042012
0 0.184700 0.171900 0.053584 0.038626
0 0.181492 0.168838 0.053667 0.038251
0 0.179450 0.166275 0.054584 0.040875
0 0.176733 0.163637 0.052417 0.043750
0 0.173067 0.161137 0.052917 0.047749
0 0.149083 0.161438 0.022800 0.042149
0 0.143283 0.158888 0.029600 0.037649
0 0.135292 0.151813 0.039917 0.033375
0 0.124921 0.145500 0.033658 0.025250
0 0.142313 0.249000 0.056741 0.102826
0 0.135746 0.245069 0.068542 0.104538
0 0.127437 0.236256 0.067825 0.097638
0 0.122179 0.231744 0.062492 0.094612
0 0.114592 0.207787 0.061350 0.056800
0 0.109450 0.199006 0.057834 0.052012
0 0.105666 0.192337 0.055167 0.044875
0 0.102058 0.185050 0.053333 0.037250
0 0.096587 0.182837 0.050091 0.039501
0 0.112908 0.129875 0.046300 0.037500
0 0.089058 0.129050 0.034800 0.037050
0 0.082562 0.136218 0.041459 0.056663
0 0.069363 0.143194 0.036659 0.073237
0 0.056608 0.140900 0.038800 0.072000
0 0.091442 0.173862 0.047583 0.033249
0 0.045062 0.130337 0.027991 0.055375
0 0.086983 0.167612 0.046667 0.034499
0 0.084067 0.163738 0.044500 0.038750
0 0.039808 0.121825 0.032333 0.041376
0 0.035258 0.111538 0.042500 0.025000
0 0.018508 0.110162 0.028000 0.025000
0 0.021046 0.107406 0.042092 0.028988
0 0.937329 0.353669 0.125342 0.067188
0 0.995054 0.315175 0.009892 0.017876
0 0.998291 0.386356 0.003417 0.009212
0 0.858842 0.335156 0.162350 0.075588
0 0.763571 0.316750 0.144742 0.071850
0 0.679137 0.294169 0.126141 0.057538
0 0.560213 0.251213 0.111559 0.085225
0 0.517158 0.240725 0.082367 0.079275
0 0.476675 0.215906 0.077284 0.040138
0 0.438634 0.208888 0.075117 0.037975
0 0.418375 0.201387 0.068000 0.031949
0 0.405608 0.199487 0.064083 0.035501
0 0.402683 0.190250 0.064167 0.029750
0 0.386242 0.191525 0.063250 0.042750
0 0.375925 0.187713 0.059584 0.041125
0 0.367350 0.181675 0.059000 0.041400
0 0.357100 0.179863 0.055166 0.044250
0 0.301325 0.180113 0.062666 0.043625
0 0.284325 0.167137 0.049666 0.026875
0 0.277208 0.163575 0.046833 0.026625
0 0.269575 0.160788 0.044500 0.028000
0 0.250650 0.154237 0.044100 0.034651
0 0.264750 0.157838 0.044500 0.025950
0 0.260900 0.156112 0.045000 0.030599
0 0.227300 0.143387 0.048716 0.044100
0 0.203520 0.131631 0.035325 0.026488
0 0.184254 0.126638 0.026908 0.021750
0 0.171933 0.126626 0.030000 0.025375
0 0.160616 0.125712 0.031583 0.027500
0 0.332700 0.153588 0.043916 0.013500
0 0.348105 0.172606 0.043525 0.034188
0 0.337904 0.164376 0.033758 0.020825
0 0.334437 0.158075 0.033675 0.011825
0 0.150221 0.123025 0.031058 0.024675
0 0.944104 0.297644 0.111792 0.051813
0 0.869155 0.281219 0.131325 0.044412
0 0.684613 0.222744 0.101575 0.105713
0 0.639495 0.221475 0.074325 0.111050
0 0.620146 0.196056 0.069092 0.064038
0 0.598975 0.183600 0.069100 0.051076
0 0.577850 0.181644 0.062684 0.054412
0 0.558221 0.176206 0.062208 0.049812
0 0.545546 0.174000 0.062108 0.055525
0 0.523675 0.172169 0.054284 0.057988
0 0.511696 0.168700 0.050692 0.053526
0 0.497867 0.166850 0.051000 0.055676
0 0.483537 0.163981 0.048259 0.052212
0 0.469883 0.162312 0.038400 0.054149
0 0.459642 0.158637 0.036383 0.052050
0 0.445217 0.150375 0.026200 0.040950
0 0.409325 0.163162 0.061834 0.045625
0 0.376771 0.139931 0.046558 0.038888
0 0.345250 0.136619 0.032884 0.030062
0 0.332750 0.137875 0.046700 0.042450
0 0.318050 0.136325 0.050900 0.045900
0 0.292029 0.132225 0.032042 0.037974
0 0.281217 0.126100 0.042400 0.032250
0 0.260554 0.123044 0.024958 0.029513
0 0.247625 0.114863 0.032300 0.017849
0 0.994766 0.259862 0.010467 0.027601
0 0.965300 0.239956 0.069400 0.066637
0 0.931467 0.233287 0.096300 0.069825
0 0.884625 0.227457 0.092316 0.068763
0 0.842391 0.234269 0.084433 0.090513
0 0.808596 0.234331 0.078675 0.099462
0 0.776587 0.229807 0.074775 0.100387
0 0.751833 0.226175 0.053150 0.096900
0 0.736433 0.181387 0.037900 0.013775
0 0.722220 0.172394 0.021325 0.005112
0 0.692808 0.169088 0.035167 0.005925
0 0.668104 0.165762 0.029492 0.006300
0 0.649771 0.162587 0.031608 0.004375
0 0.413392 0.137975 0.027083 0.007000
0 0.629533 0.159013 0.032600 0.004799
0 0.616133 0.157062 0.019600 0.006299
0 0.600133 0.154100 0.021200 0.004350
0 0.584025 0.151012 0.016916 0.005375
0 0.977716 0.198151 0.044567 0.017275
0 0.940891 0.192106 0.061633 0.015112
0 0.986359 0.183244 0.027283 0.013837
0 0.965370 0.181632 0.055875 0.016637
0 0.930238 0.177412 0.055009 0.016850
0 0.903645 0.187775 0.057725 0.011700
0 0.872350 0.184331 0.054000 0.012238
0 0.838450 0.180988 0.050600 0.010800
0 0.814004 0.177494 0.050042 0.012962
0 0.787763 0.173856 0.050041 0.014038
0 0.765788 0.170500 0.046391 0.015175
0 0.740854 0.167575 0.042075 0.014076
0 0.721483 0.164893 0.042817 0.013137
0 0.702775 0.161481 0.040016 0.010412
0 0.686579 0.159625 0.041208 0.012850
0 0.665517 0.156756 0.038733 0.012212
0 0.651142 0.153244 0.038550 0.012963
0 0.631246 0.150857 0.036608 0.011563
0 0.602742 0.147169 0.040000 0.013262
0 0.580666 0.143994 0.029733 0.009812
0 0.908542 0.149344 0.060367 0.032037
0 0.881617 0.146513 0.058800 0.031050
0 0.855862 0.144556 0.058441 0.031312
0 0.831167 0.141263 0.052567 0.032225
0 0.806758 0.139043 0.052083 0.032763
0 0.785475 0.138043 0.035566 0.029587
0 0.764017 0.118494 0.037867 0.013388
0 0.767033 0.136600 0.038917 0.030376
0 0.742200 0.132225 0.033116 0.018175
0 0.730100 0.142450 0.037684 0.011876
0 0.725683 0.127075 0.038700 0.017100
0 0.707933 0.143563 0.039083 0.018625
0 0.699225 0.130300 0.021416 0.013000
0 0.684825 0.126388 0.030600 0.022050
0 0.557696 0.112312 0.055008 0.025925
0 0.528817 0.110744 0.036500 0.021912
0 0.509375 0.109538 0.037800 0.021000
0 0.491050 0.107550 0.040684 0.021425
0 0.469258 0.106088 0.029100 0.020401
0 0.456321 0.103069 0.041525 0.020338
0 0.435625 0.102350 0.028000 0.018876
0 0.421458 0.100275 0.034400 0.019650
0 0.403979 0.098675 0.026758 0.017824
