0 0.362222 0.469239 0.282881 0.168555
0 0.808369 0.459798 0.263535 0.143685
0 0.906001 0.388041 0.058526 0.035821
0 0.929874 0.405312 0.093789 0.113855
0 0.958799 0.258633 0.082402 0.024662
0 0.917803 0.358926 0.053301 0.032878
0 0.375962 0.325417 0.132412 0.091458
0 0.476875 0.359681 0.193282 0.081862
0 0.696152 0.345313 0.099785 0.030703
0 0.573208 0.378392 0.173564 0.080586
0 0.772378 0.370098 0.098584 0.040612
0 0.687334 0.423795 0.181914 0.130481
0 0.810000 0.338249 0.034980 0.028425
0 0.478794 0.303353 0.134560 0.038372
0 0.761641 0.225833 0.061074 0.027370
0 0.589985 0.217259 0.047744 0.015924
0 0.524980 0.213477 0.013086 0.017709
0 0.662901 0.216543 0.094941 0.055976
0 0.719253 0.318711 0.147080 0.066770
0 0.638413 0.312689 0.125205 0.060456
0 0.567451 0.309427 0.135000 0.064480
0 0.880371 0.942057 0.239258 0.115885
0 0.914551 0.787761 0.170898 0.242187
0 0.387207 0.820312 0.774414 0.359375
0 0.210938 0.673177 0.421875 0.328125
0 0.152344 0.488932 0.304688 0.110677
0 0.064941 0.415365 0.129883 0.052083
0 0.036133 0.385416 0.072266 0.041667
0 0.023438 0.376302 0.046875 0.031250
0 0.067871 0.324870 0.135742 0.139323
0 0.928711 0.562500 0.142578 0.195312
0 0.702886 0.605573 0.387529 0.238984
0 0.506563 0.516484 0.342989 0.218750
0 0.271582 0.413151 0.269726 0.117968
0 0.183111 0.381842 0.215303 0.099023
0 0.188574 0.306465 0.162910 0.118972
0 0.318134 0.324649 0.121367 0.092109
