0 0.948320 0.536808 0.103360 0.093384
0 0.866332 0.505861 0.116975 0.055745
0 0.741143 0.469059 0.099085 0.046645
0 0.813395 0.485385 0.124930 0.054416
0 0.718452 0.462375 0.140065 0.044866
0 0.655127 0.456405 0.131745 0.064764
0 0.550830 0.441522 0.134560 0.049303
0 0.492690 0.421104 0.074160 0.020726
0 0.515950 0.505084 0.151900 0.096587
0 0.008025 0.441358 0.016050 0.014002
0 0.059092 0.465261 0.118185 0.043973
0 0.575325 0.518518 0.126650 0.094409
0 0.056875 0.499219 0.113750 0.083973
0 0.089983 0.535686 0.179965 0.102527
0 0.140000 0.525781 0.154000 0.066812
0 0.178750 0.551198 0.298500 0.092956
0 0.265493 0.610425 0.285365 0.127110
0 0.134000 0.645244 0.268000 0.125635
0 0.183500 0.783224 0.367000 0.227305
0 0.556500 0.948438 0.398000 0.103123
0 0.912000 0.891431 0.176000 0.217139
0 0.269360 0.360196 0.036850 0.019128
0 0.312920 0.371366 0.041410 0.023137
0 0.766055 0.412552 0.064030 0.027589
0 0.738575 0.403656 0.055200 0.024873
0 0.717250 0.380145 0.070850 0.029978
0 0.685342 0.390719 0.060845 0.012956
0 0.646115 0.387480 0.056280 0.011880
0 0.655535 0.376391 0.045240 0.013725
0 0.615830 0.384427 0.038650 0.014807
0 0.575438 0.380563 0.047775 0.011568
0 0.533010 0.372030 0.055220 0.017480
0 0.477132 0.357538 0.019545 0.017138
0 0.505038 0.368464 0.044465 0.030842
0 0.367262 0.358494 0.044345 0.019615
0 0.457635 0.418875 0.046760 0.017923
0 0.387883 0.408925 0.110605 0.033972
0 0.328395 0.405578 0.045310 0.018519
0 0.321780 0.401315 0.060550 0.020479
0 0.308717 0.378566 0.059205 0.026354
0 0.267050 0.392059 0.076100 0.028010
0 0.250365 0.378657 0.065110 0.020479
0 0.543615 0.338504 0.007900 0.014888
0 0.197167 0.376409 0.050285 0.021082
0 0.124010 0.370897 0.047380 0.015664
0 0.032090 0.390435 0.064180 0.055527
0 0.114945 0.401318 0.122390 0.062360
0 0.126777 0.406114 0.102755 0.051169
0 0.124578 0.414110 0.073395 0.051169
0 0.168285 0.420320 0.128080 0.069557
0 0.218707 0.423841 0.127375 0.068845
0 0.245050 0.435003 0.120100 0.063907
0 0.463885 0.491579 0.133950 0.085947
0 0.425100 0.477542 0.163310 0.099673
0 0.365425 0.458606 0.150850 0.086420
0 0.283825 0.446623 0.129650 0.069716
0 0.640500 0.537473 0.154000 0.107335
0 0.698250 0.545751 0.140500 0.118373
0 0.769000 0.571968 0.152000 0.122586
0 0.882000 0.598402 0.213000 0.137981
0 0.437450 0.361005 0.096330 0.056449
0 0.361275 0.376424 0.056280 0.039179
0 0.418120 0.383809 0.059760 0.040342
0 0.509548 0.392901 0.087415 0.038816
0 0.530090 0.400763 0.069830 0.032389
0 0.568710 0.403613 0.078370 0.043304
0 0.600435 0.416424 0.069120 0.051743
0 0.645010 0.417313 0.098320 0.057966
0 0.699690 0.418399 0.097710 0.045527
0 0.800375 0.390766 0.066690 0.023900
0 0.834507 0.406608 0.068045 0.022397
0 0.903305 0.408828 0.069270 0.027095
0 0.867020 0.419778 0.064830 0.022651
0 0.782360 0.423018 0.103810 0.040865
0 0.909528 0.445563 0.058715 0.057966
0 0.836348 0.449183 0.100555 0.060762
0 0.960525 0.452048 0.066820 0.061292
0 0.988345 0.446005 0.023310 0.033929
0 0.984093 0.470621 0.031815 0.054096
