0 0.761818 0.963557 0.225454 0.072886
0 0.624818 0.935073 0.317346 0.129854
0 0.496219 0.899417 0.300873 0.201166
0 0.365727 0.983965 0.192182 0.032070
0 0.120000 0.916910 0.240000 0.166181
0 0.081818 0.784256 0.163636 0.233237
0 0.124546 0.597668 0.249091 0.174927
0 0.036363 0.551020 0.072727 0.099125
0 0.040909 0.485423 0.081818 0.096210
0 0.230909 0.685132 0.243636 0.186589
0 0.316364 0.741982 0.247273 0.160349
0 0.372709 0.821983 0.310182 0.268163
0 0.966236 0.694913 0.067527 0.171691
0 0.936737 0.623062 0.126527 0.191079
0 0.858182 0.587464 0.174546 0.183673
0 0.748182 0.491254 0.267273 0.172011
0 0.696363 0.403790 0.287273 0.183674
0 0.621819 0.361516 0.272727 0.174928
0 0.547273 0.320700 0.276364 0.221574
0 0.470882 0.279242 0.168018 0.168104
0 0.406864 0.221166 0.232637 0.171312
0 0.287272 0.190962 0.149091 0.160350
0 0.238364 0.148688 0.247637 0.157434
0 0.153636 0.100583 0.249091 0.172012
0 0.110000 0.064140 0.220000 0.128280
0 0.030000 0.026239 0.060000 0.052478
0 0.975455 0.470846 0.049091 0.107871
0 0.948182 0.415452 0.103636 0.148688
0 0.918182 0.370845 0.163636 0.150437
0 0.882073 0.314169 0.235855 0.144490
0 0.847273 0.260933 0.283636 0.137026
0 0.768182 0.224490 0.270909 0.151604
0 0.846364 0.102041 0.194545 0.204082
0 0.674546 0.141400 0.243637 0.142857
0 0.572727 0.120992 0.210909 0.166181
0 0.481818 0.088922 0.236364 0.154519
0 0.382727 0.055393 0.198182 0.110787
0 0.273637 0.032070 0.085455 0.064140
