0 0.266858 0.203541 0.013417 0.006583
0 0.721630 0.205883 0.033725 0.018483
0 0.762017 0.204167 0.050700 0.019100
0 0.922783 0.195679 0.067200 0.015358
0 0.019366 0.222488 0.038733 0.015175
0 0.342042 0.740283 0.352300 0.189583
0 0.069167 0.718333 0.138333 0.128333
0 0.043750 0.625417 0.087500 0.069167
0 0.045833 0.579167 0.091667 0.085000
0 0.061666 0.540833 0.123333 0.080000
0 0.056667 0.492708 0.113333 0.045417
0 0.065417 0.468333 0.130833 0.060000
0 0.044166 0.435417 0.088333 0.032500
0 0.069584 0.420833 0.139167 0.053333
0 0.052083 0.399166 0.104167 0.036667
0 0.058716 0.384554 0.117433 0.032042
0 0.057063 0.372767 0.114125 0.036583
0 0.301667 0.636250 0.300000 0.114166
0 0.285000 0.574583 0.238334 0.094167
0 0.255417 0.520833 0.222500 0.080000
0 0.257916 0.485000 0.160833 0.066666
0 0.225833 0.453334 0.170000 0.061667
0 0.217583 0.422792 0.146833 0.047250
0 0.212917 0.398334 0.124167 0.046667
0 0.208117 0.375496 0.106933 0.041258
0 0.202541 0.363171 0.097033 0.040742
0 0.966250 0.770000 0.067500 0.136666
0 0.916667 0.676667 0.166667 0.171667
0 0.844167 0.610000 0.198333 0.150000
0 0.750833 0.561666 0.170000 0.128333
0 0.667500 0.522084 0.146666 0.100833
0 0.610416 0.482083 0.135833 0.097500
0 0.562500 0.451250 0.125000 0.085834
0 0.532500 0.432084 0.133334 0.070833
0 0.496667 0.410000 0.121667 0.063334
0 0.466667 0.389583 0.115000 0.059167
0 0.437916 0.375834 0.094167 0.058333
0 0.993750 0.566667 0.012500 0.050000
0 0.927500 0.520000 0.145000 0.083334
0 0.835833 0.475417 0.166667 0.065833
0 0.776667 0.451666 0.141667 0.063333
0 0.720000 0.427084 0.105000 0.060833
0 0.648750 0.405417 0.114166 0.060833
0 0.594958 0.380416 0.108250 0.040833
0 0.551791 0.362958 0.093583 0.037583
0 0.967083 0.403750 0.065833 0.072500
0 0.905833 0.382916 0.083333 0.069167
0 0.843750 0.370417 0.072500 0.057500
0 0.793750 0.353333 0.075834 0.060000
0 0.746667 0.344167 0.063333 0.055000
0 0.682084 0.323750 0.060833 0.042500
0 0.620417 0.322083 0.067500 0.054167
0 0.560000 0.321666 0.065000 0.053333
0 0.504166 0.321667 0.063333 0.050000
0 0.445833 0.322083 0.065000 0.052500
0 0.384583 0.325417 0.062500 0.057500
0 0.321250 0.325416 0.060834 0.055833
0 0.257500 0.324584 0.063334 0.054167
0 0.194167 0.322916 0.063333 0.050833
0 0.125833 0.322917 0.070000 0.057500
0 0.059167 0.322916 0.070000 0.055833
0 0.012500 0.325000 0.025000 0.050000
0 0.986217 0.337254 0.027567 0.009258
0 0.953558 0.315504 0.086617 0.036092
0 0.951379 0.327725 0.069658 0.015550
0 0.927592 0.319358 0.066700 0.010800
0 0.892016 0.314638 0.069667 0.014009
0 0.837104 0.305392 0.075192 0.015850
0 0.789416 0.294150 0.069833 0.019816
0 0.767334 0.285683 0.078917 0.014267
0 0.877729 0.282633 0.045192 0.029233
0 0.838079 0.283446 0.046808 0.029458
0 0.811454 0.283500 0.023458 0.022384
0 0.723929 0.278958 0.048408 0.014250
0 0.773388 0.274796 0.051159 0.007842
0 0.547871 0.264470 0.078508 0.039025
0 0.242096 0.219517 0.020992 0.021633
0 0.373200 0.215533 0.033416 0.027100
0 0.393791 0.212992 0.039583 0.030417
0 0.419225 0.212059 0.029334 0.029667
0 0.442366 0.213550 0.023583 0.026166
0 0.482066 0.210083 0.033333 0.025417
0 0.535633 0.210308 0.035417 0.028000
0 0.558175 0.209375 0.031666 0.030166
0 0.590996 0.234454 0.030242 0.015842
0 0.620242 0.207033 0.049250 0.028250
0 0.648634 0.205425 0.018333 0.016000
0 0.217379 0.218388 0.019558 0.018475
0 0.277800 0.237258 0.024750 0.014667
0 0.325616 0.200850 0.014583 0.007584
0 0.331825 0.202225 0.009166 0.006000
0 0.163909 0.225116 0.009417 0.011833
