0 0.572917 0.278334 0.199167 0.121667
0 0.149166 0.171666 0.171667 0.101667
0 0.034584 0.174584 0.069167 0.079167
0 0.062083 0.263333 0.124167 0.103333
0 0.046017 0.309554 0.092033 0.098692
0 0.206125 0.305833 0.187250 0.125000
0 0.102500 0.423750 0.205000 0.137500
0 0.288334 0.406250 0.193333 0.124166
0 0.467916 0.375833 0.200833 0.095000
0 0.653334 0.370000 0.191667 0.091666
0 0.443563 0.846934 0.414475 0.245367
0 0.133333 0.724167 0.266667 0.170000
0 0.124166 0.864167 0.248333 0.271667
0 0.640000 0.650417 0.311666 0.127500
0 0.373750 0.677917 0.280834 0.137500
0 0.952500 0.951666 0.095000 0.096667
0 0.016067 0.022967 0.032133 0.030550
0 0.679567 0.010412 0.066450 0.020825
0 0.198709 0.013071 0.088583 0.026142
0 0.108108 0.037817 0.164700 0.059800
0 0.362975 0.013791 0.073534 0.027583
0 0.424304 0.038000 0.217742 0.076000
0 0.965671 0.114271 0.068658 0.079958
0 0.896867 0.043183 0.154667 0.086367
0 0.776092 0.043146 0.169250 0.086292
0 0.653555 0.045038 0.153125 0.075991
0 0.868750 0.597500 0.262500 0.095000
0 0.394696 0.063304 0.141992 0.076758
0 0.253209 0.076958 0.142317 0.108733
0 0.120363 0.071429 0.143275 0.085708
0 0.933750 0.340833 0.132500 0.095000
0 0.937500 0.435000 0.125000 0.143334
0 0.805417 0.450000 0.277500 0.146666
0 0.599584 0.468750 0.270833 0.149166
0 0.407125 0.482917 0.269084 0.154167
0 0.195833 0.499166 0.255000 0.158333
0 0.032917 0.531667 0.065833 0.120000
0 0.892966 0.738496 0.214067 0.260658
0 0.033246 0.059862 0.066492 0.059725
0 0.052375 0.129546 0.104750 0.089042
0 0.182150 0.131425 0.162784 0.102334
0 0.354621 0.105325 0.121208 0.057566
0 0.482100 0.103567 0.134000 0.057250
0 0.612142 0.092866 0.137783 0.058633
0 0.747367 0.078250 0.140717 0.046084
0 0.882283 0.123621 0.180050 0.081875
0 0.752958 0.135987 0.165333 0.100859
0 0.616688 0.146208 0.173625 0.096250
0 0.477083 0.152500 0.169167 0.100000
0 0.337917 0.165416 0.179167 0.094167
0 0.402500 0.233750 0.173334 0.089166
0 0.399296 0.288384 0.175192 0.132633
0 0.738266 0.803083 0.395133 0.229850
0 0.985416 0.227500 0.029167 0.050000
0 0.903334 0.195416 0.193333 0.070833
0 0.899583 0.252500 0.200833 0.113334
0 0.750417 0.265417 0.185833 0.117500
