0 0.207726 0.637589 0.205818 0.253859
0 0.935970 0.151914 0.128060 0.177768
0 0.989314 0.203510 0.021371 0.046796
0 0.827917 0.292993 0.204450 0.205026
0 0.775423 0.386941 0.264863 0.247582
0 0.737861 0.521697 0.213843 0.159240
0 0.951576 0.339985 0.096849 0.225881
0 0.979339 0.475397 0.041322 0.079814
0 0.892820 0.608291 0.214360 0.214645
0 0.678719 0.650910 0.268596 0.267339
0 0.393651 0.705680 0.270537 0.287810
0 0.102987 0.717404 0.205974 0.286486
0 0.209340 0.873603 0.288810 0.252793
0 0.540658 0.837819 0.286377 0.324363
0 0.303959 0.930862 0.294406 0.138276
0 0.707128 0.899845 0.320248 0.200310
0 0.886493 0.837854 0.227014 0.317319
0 0.949380 0.895971 0.101240 0.208059
0 0.762678 0.165500 0.209974 0.192317
0 0.559978 0.024967 0.047554 0.049934
0 0.697757 0.063177 0.235148 0.126354
0 0.800933 0.015880 0.017247 0.031759
0 0.903782 0.064167 0.192435 0.128334
0 0.323896 0.046129 0.060742 0.092259
0 0.447937 0.080732 0.211447 0.161465
0 0.098640 0.061134 0.150080 0.122267
0 0.202082 0.084262 0.179029 0.166896
0 0.022113 0.098538 0.044225 0.177927
0 0.120818 0.216116 0.216237 0.210457
0 0.349285 0.192910 0.208502 0.206687
0 0.589688 0.325103 0.205185 0.215529
0 0.357683 0.339523 0.194504 0.222713
0 0.087604 0.369800 0.175207 0.229187
0 0.218777 0.440945 0.259042 0.242720
0 0.037846 0.474426 0.075692 0.219019
0 0.495448 0.410147 0.276372 0.232375
0 0.476580 0.565354 0.257717 0.227463
0 0.566885 0.155885 0.207397 0.222712
