0 0.026863 0.076586 0.053725 0.034897
0 0.801875 0.973734 0.118750 0.052533
0 0.241875 0.940900 0.296250 0.118199
0 0.136875 0.909006 0.273750 0.181989
0 0.100625 0.825516 0.201250 0.176360
0 0.073125 0.726079 0.146250 0.123827
0 0.426875 0.747655 0.186250 0.234522
0 0.660681 0.906463 0.165687 0.187073
0 0.528012 0.841444 0.182925 0.259963
0 0.311431 0.692495 0.155563 0.170394
0 0.557775 0.550385 0.135775 0.151576
0 0.284388 0.367055 0.070575 0.125479
0 0.190538 0.545084 0.144825 0.154747
0 0.123381 0.503331 0.125038 0.123959
0 0.067531 0.446388 0.135063 0.143696
0 0.032494 0.399146 0.064988 0.111801
0 0.993850 0.740928 0.012300 0.053677
0 0.945275 0.669128 0.109450 0.148875
0 0.894818 0.622213 0.162013 0.127655
0 0.753294 0.525835 0.163088 0.136510
0 0.687693 0.490966 0.131637 0.108687
0 0.642206 0.455976 0.142488 0.090075
0 0.563262 0.424306 0.133651 0.102796
0 0.522650 0.396960 0.144326 0.095047
0 0.459124 0.363987 0.124275 0.099794
0 0.420675 0.335197 0.131425 0.084428
0 0.329619 0.282477 0.121963 0.082514
0 0.297044 0.263358 0.122513 0.078349
0 0.258718 0.238067 0.116337 0.083265
0 0.215963 0.222139 0.097800 0.073884
0 0.195250 0.203274 0.110800 0.066548
0 0.160381 0.186454 0.113638 0.070882
0 0.127688 0.165563 0.110975 0.075704
0 0.095093 0.146060 0.099787 0.067692
0 0.067656 0.114306 0.079687 0.067298
0 0.054375 0.047748 0.092250 0.033321
0 0.076900 0.062101 0.065700 0.036248
0 0.096500 0.068856 0.085875 0.037335
0 0.125825 0.085563 0.057375 0.033752
0 0.147025 0.094822 0.083500 0.036585
0 0.176275 0.109587 0.076500 0.042402
0 0.207700 0.128912 0.092500 0.052345
0 0.238825 0.144203 0.101000 0.054409
0 0.268613 0.163790 0.102300 0.045478
0 0.295225 0.176923 0.083550 0.040976
0 0.340124 0.192111 0.105125 0.065647
0 0.377294 0.211970 0.112137 0.061876
0 0.425225 0.243340 0.106800 0.070244
0 0.453550 0.261576 0.107700 0.068668
0 0.487581 0.277458 0.107462 0.064296
0 0.534976 0.304418 0.109975 0.092664
0 0.593332 0.322786 0.134463 0.084559
0 0.670162 0.357298 0.122600 0.087917
0 0.698193 0.385112 0.125287 0.077467
0 0.773669 0.418555 0.144937 0.093771
0 0.827388 0.443668 0.145800 0.073264
0 0.897712 0.489240 0.126575 0.109250
0 0.949881 0.522242 0.100238 0.111200
0 0.982638 0.573199 0.034725 0.060732
0 0.958950 0.214831 0.082100 0.067298
0 0.907407 0.196472 0.093313 0.070807
0 0.729806 0.229146 0.100788 0.085910
0 0.633094 0.194437 0.092788 0.070413
0 0.533637 0.153753 0.077401 0.065929
0 0.392488 0.090000 0.071250 0.058536
0 0.186868 0.030178 0.056163 0.060356
0 0.255263 0.005920 0.021249 0.011839
0 0.431132 0.046482 0.054187 0.059944
0 0.508088 0.078049 0.067500 0.055122
0 0.572362 0.094362 0.078125 0.054840
0 0.602575 0.105609 0.067800 0.056961
0 0.639338 0.120019 0.078750 0.056735
0 0.676775 0.136398 0.086400 0.057861
0 0.723219 0.150300 0.087812 0.064840
0 0.768425 0.165046 0.089550 0.058987
0 0.826288 0.181576 0.103850 0.061314
0 0.984994 0.016238 0.030012 0.032477
0 0.953819 0.332627 0.092363 0.099212
0 0.993425 0.260919 0.013150 0.056661
