0 0.070399 0.331085 0.054759 0.033034
0 0.881482 0.965742 0.237037 0.068515
0 0.934722 0.899674 0.130556 0.128874
0 0.977778 0.796901 0.044444 0.083197
0 0.795370 0.791191 0.266667 0.342578
0 0.958333 0.437194 0.083333 0.104404
0 0.725926 0.571778 0.179630 0.177814
0 0.211805 0.535073 0.140277 0.153345
0 0.337348 0.614397 0.191417 0.185433
0 0.480278 0.587121 0.206056 0.179266
0 0.628825 0.545318 0.162963 0.160130
0 0.830005 0.510603 0.117769 0.139087
0 0.887088 0.424331 0.092380 0.110881
0 0.815231 0.413662 0.096241 0.080734
0 0.730435 0.460603 0.101944 0.057063
0 0.652542 0.455163 0.101028 0.074242
0 0.475152 0.481354 0.152361 0.107766
0 0.333365 0.496583 0.142565 0.092903
0 0.419856 0.457268 0.111731 0.089478
0 0.355380 0.429731 0.120222 0.053752
0 0.322361 0.429543 0.087556 0.068613
0 0.229278 0.447586 0.109796 0.063752
0 0.279473 0.408686 0.079741 0.047553
0 0.588588 0.451851 0.095602 0.094991
0 0.761061 0.395726 0.096935 0.090962
0 0.704098 0.388059 0.088435 0.097096
0 0.647843 0.384070 0.077333 0.069706
0 0.570023 0.378189 0.107824 0.059804
0 0.611884 0.358279 0.067565 0.056852
0 0.567296 0.341020 0.064667 0.022203
0 0.521352 0.359845 0.077296 0.063964
0 0.463546 0.372610 0.095907 0.034388
0 0.235167 0.407782 0.107667 0.061533
0 0.232833 0.388279 0.065426 0.044128
0 0.132014 0.702675 0.264028 0.236672
0 0.092291 0.585498 0.184583 0.095726
0 0.069306 0.537986 0.138611 0.050163
0 0.046102 0.520702 0.092204 0.037717
0 0.027278 0.495930 0.054556 0.028760
0 0.117352 0.489038 0.115426 0.102283
0 0.052644 0.456427 0.100027 0.085579
0 0.530519 0.423988 0.079871 0.055481
0 0.478334 0.408850 0.084963 0.042854
0 0.427278 0.397601 0.077204 0.035465
0 0.384194 0.385840 0.080000 0.033834
0 0.343005 0.380465 0.072953 0.034960
0 0.818171 0.279805 0.037398 0.031289
0 0.871264 0.288784 0.053250 0.046379
0 0.436578 0.303474 0.053695 0.046917
0 0.371685 0.310995 0.050926 0.035987
0 0.323264 0.326852 0.067824 0.035759
0 0.086996 0.391664 0.158731 0.081208
0 0.173884 0.332700 0.071731 0.050196
0 0.024334 0.333891 0.048667 0.039788
