0 0.047155 0.891894 0.094310 0.209733
0 0.604000 0.917899 0.084000 0.102071
0 0.677500 0.893491 0.087000 0.076923
0 0.727000 0.855029 0.100000 0.100591
0 0.776000 0.826183 0.098000 0.102071
0 0.832500 0.802515 0.095000 0.099112
0 0.882000 0.788461 0.078000 0.085799
0 0.916500 0.770710 0.091000 0.079882
0 0.963860 0.747234 0.072280 0.080592
0 0.995495 0.715384 0.009010 0.047455
0 0.961000 0.502958 0.078000 0.068047
0 0.822500 0.557692 0.073000 0.062130
0 0.783000 0.585798 0.090000 0.068047
0 0.680500 0.630178 0.081000 0.071005
0 0.621000 0.647929 0.100000 0.082840
0 0.344000 0.829142 0.112000 0.075444
0 0.167000 0.961539 0.086000 0.076923
0 0.138000 0.816568 0.094000 0.091716
0 0.064810 0.849260 0.046920 0.077397
0 0.387750 0.720414 0.080500 0.079882
0 0.344000 0.684911 0.092000 0.079882
0 0.280000 0.640532 0.090000 0.079881
0 0.250000 0.608728 0.074000 0.075444
0 0.174000 0.553994 0.100000 0.066568
0 0.138000 0.530326 0.096000 0.063609
0 0.050500 0.466716 0.087000 0.060650
0 0.030500 0.435651 0.061000 0.054734
0 0.458000 0.579142 0.074000 0.078402
0 0.517500 0.569527 0.083000 0.073965
0 0.553000 0.541420 0.076000 0.065088
0 0.673000 0.502219 0.078000 0.063610
0 0.805500 0.449704 0.079000 0.068048
0 0.856500 0.435651 0.067000 0.054734
0 0.892000 0.415681 0.074000 0.065089
0 0.816500 0.366124 0.079000 0.072485
0 0.717500 0.402366 0.079000 0.076923
0 0.628000 0.439349 0.074000 0.065088
0 0.524500 0.480029 0.073000 0.060651
0 0.478500 0.508136 0.077000 0.054734
0 0.423500 0.510503 0.083000 0.067752
0 0.378645 0.537648 0.078830 0.061804
0 0.763930 0.392552 0.058400 0.056198
0 0.794000 0.279586 0.066000 0.056213
0 0.750500 0.293639 0.075000 0.060650
0 0.667000 0.321746 0.070000 0.051775
0 0.586000 0.349113 0.066000 0.056213
0 0.513200 0.363905 0.078400 0.085799
0 0.463000 0.386095 0.066000 0.062130
0 0.320500 0.443787 0.089000 0.071006
0 0.238850 0.411243 0.072240 0.066893
0 0.276715 0.388831 0.073190 0.057012
0 0.381000 0.361687 0.072000 0.054733
0 0.527000 0.310650 0.070000 0.056213
0 0.573500 0.296598 0.059000 0.048817
0 0.733500 0.238166 0.063000 0.053255
0 0.960500 0.110947 0.045000 0.035503
0 0.942000 0.105029 0.052000 0.044379
0 0.920000 0.082841 0.066000 0.047337
0 0.891500 0.065089 0.075000 0.059172
0 0.867400 0.047338 0.042800 0.038461
0 0.841550 0.034763 0.061100 0.045858
0 0.793500 0.016272 0.061000 0.032544
0 0.754500 0.144231 0.055000 0.048817
0 0.711500 0.153846 0.055000 0.056213
0 0.673500 0.168639 0.055000 0.050296
0 0.633500 0.176776 0.067000 0.060651
0 0.575500 0.196746 0.063000 0.059171
0 0.533500 0.207840 0.063000 0.057692
0 0.495000 0.222633 0.068000 0.063610
0 0.436000 0.240385 0.074000 0.078403
0 0.389000 0.261834 0.060000 0.053255
0 0.341500 0.269231 0.059000 0.065089
0 0.299500 0.289202 0.065000 0.051775
0 0.251500 0.300296 0.071000 0.062130
0 0.189500 0.311391 0.073000 0.081361
0 0.133500 0.338757 0.071000 0.062130
0 0.081450 0.297863 0.069560 0.050903
0 0.120370 0.276894 0.067020 0.067959
0 0.165315 0.260939 0.062610 0.038861
0 0.289060 0.222678 0.072600 0.069289
0 0.341575 0.212582 0.067390 0.049305
0 0.379000 0.198225 0.052000 0.062130
0 0.450000 0.177515 0.052000 0.053254
0 0.524000 0.157544 0.058000 0.042899
0 0.595000 0.123521 0.074000 0.060651
0 0.647000 0.121302 0.060000 0.050296
0 0.680000 0.105769 0.062000 0.051775
0 0.695500 0.016272 0.043000 0.032544
0 0.664500 0.025148 0.049000 0.050296
0 0.613000 0.031065 0.084000 0.062130
0 0.536500 0.066568 0.081000 0.059172
0 0.338500 0.117603 0.061000 0.048817
0 0.172500 0.161243 0.063000 0.065089
0 0.071000 0.184171 0.070000 0.081361
0 0.034500 0.016272 0.061000 0.032544
0 0.130400 0.021449 0.073200 0.042899
0 0.475445 0.056553 0.095730 0.067544
0 0.055500 0.127219 0.067000 0.050296
0 0.097500 0.112426 0.065000 0.062130
0 0.143500 0.107988 0.053000 0.050296
0 0.186500 0.095414 0.061000 0.054734
0 0.221500 0.084320 0.057000 0.053255
0 0.275000 0.069526 0.054000 0.056213
0 0.314000 0.058432 0.056000 0.057692
0 0.349500 0.043639 0.079000 0.060650
0 0.390500 0.034023 0.059000 0.053255
0 0.429500 0.024408 0.049000 0.048817
0 0.463500 0.013314 0.051000 0.026627
0 0.507500 0.014054 0.053000 0.028107
0 0.550500 0.009616 0.031000 0.019231
