0 0.667500 0.489683 0.158334 0.179365
0 0.940416 0.921428 0.119167 0.157143
0 0.820833 0.994444 0.028333 0.011111
0 0.831542 0.903968 0.206917 0.192063
0 0.952916 0.772222 0.094167 0.214286
0 0.967500 0.602381 0.065000 0.173016
0 0.954166 0.503969 0.091667 0.147619
0 0.963334 0.357936 0.073333 0.166667
0 0.871250 0.709523 0.169166 0.234921
0 0.671250 0.963016 0.125834 0.073968
0 0.522083 0.921428 0.182500 0.157143
0 0.364583 0.985715 0.042500 0.028571
0 0.332500 0.935715 0.210000 0.128571
0 0.167916 0.902381 0.239167 0.195238
0 0.110417 0.866667 0.220833 0.260317
0 0.095000 0.758730 0.190000 0.215873
0 0.046666 0.649206 0.093333 0.168254
0 0.045833 0.552381 0.091667 0.098412
0 0.028750 0.424603 0.057500 0.122222
0 0.092083 0.450000 0.184167 0.147620
0 0.710000 0.857142 0.213334 0.257143
0 0.527500 0.830159 0.215000 0.253968
0 0.706667 0.703175 0.188333 0.228571
0 0.848750 0.580159 0.150834 0.188889
0 0.860834 0.437698 0.166667 0.192857
0 0.712917 0.573810 0.177500 0.195239
0 0.555416 0.660318 0.169167 0.206349
0 0.377916 0.788889 0.215833 0.234920
0 0.302084 0.707936 0.179167 0.241269
0 0.495833 0.576191 0.198333 0.253969
0 0.144584 0.061905 0.120833 0.088889
0 0.131666 0.038889 0.106667 0.077778
0 0.185833 0.005555 0.005000 0.011111
0 0.208750 0.017461 0.047500 0.034921
0 0.246250 0.025397 0.080834 0.050794
0 0.308959 0.040715 0.113417 0.081429
0 0.358750 0.041270 0.112500 0.082540
0 0.422917 0.011111 0.022500 0.022222
0 0.444167 0.044127 0.110000 0.088254
0 0.528683 0.066619 0.108867 0.065174
0 0.550000 0.027778 0.105000 0.055556
0 0.502083 0.009524 0.022500 0.019048
0 0.704583 0.075397 0.107500 0.065080
0 0.681250 0.046032 0.119166 0.092063
0 0.637917 0.030159 0.112500 0.060317
0 0.605834 0.007143 0.013333 0.014286
0 0.798750 0.030953 0.099166 0.061905
0 0.755667 0.026746 0.047000 0.053492
0 0.863333 0.015079 0.040000 0.030159
0 0.799583 0.392857 0.152500 0.173016
0 0.927917 0.292857 0.129167 0.125397
0 0.992500 0.251588 0.015000 0.052381
0 0.944584 0.192381 0.110833 0.144127
0 0.846250 0.257937 0.110834 0.119047
0 0.740834 0.332539 0.121667 0.147619
0 0.610000 0.394444 0.158334 0.166667
0 0.455000 0.495238 0.156666 0.212698
0 0.287500 0.616507 0.208334 0.224127
0 0.181750 0.558730 0.171834 0.209524
0 0.182917 0.483333 0.192500 0.185714
0 0.141667 0.344445 0.165000 0.123809
0 0.083750 0.322222 0.167500 0.136508
0 0.050000 0.274603 0.100000 0.123810
0 0.009584 0.207936 0.019167 0.076191
0 0.079583 0.197619 0.117500 0.093650
0 0.098542 0.152381 0.148750 0.123810
0 0.047834 0.143651 0.095667 0.093651
0 0.042084 0.090635 0.084167 0.060000
0 0.035000 0.058730 0.070000 0.028572
0 0.053333 0.028571 0.098333 0.057143
0 0.014167 0.019842 0.028333 0.039683
0 0.351250 0.465873 0.170834 0.150794
0 0.510542 0.357936 0.157250 0.119047
0 0.649166 0.277778 0.128333 0.104762
0 0.510834 0.303968 0.153333 0.153968
0 0.354583 0.396031 0.172500 0.160317
0 0.272500 0.344444 0.171666 0.152381
0 0.424583 0.257937 0.132500 0.131747
0 0.302500 0.270635 0.160000 0.131746
0 0.226833 0.242063 0.120333 0.106349
0 0.167917 0.218572 0.132500 0.089841
0 0.205417 0.161905 0.142500 0.101587
0 0.300459 0.163651 0.112417 0.117778
0 0.360000 0.188889 0.145000 0.098412
0 0.452625 0.206825 0.143084 0.112063
0 0.555000 0.197619 0.128334 0.106350
0 0.638333 0.224604 0.123333 0.147619
0 0.770417 0.228571 0.127500 0.101587
0 0.868334 0.154762 0.103333 0.103174
0 0.959583 0.116667 0.080833 0.077778
0 0.747500 0.180952 0.103334 0.123809
0 0.848750 0.134921 0.120834 0.104762
0 0.941500 0.071429 0.093666 0.085715
0 0.990833 0.050000 0.018333 0.077778
0 0.962084 0.016667 0.070833 0.033333
0 0.885417 0.044444 0.087500 0.088889
0 0.796125 0.082540 0.092750 0.098413
0 0.685416 0.119604 0.134167 0.115397
0 0.583917 0.126984 0.135500 0.104762
0 0.573959 0.090635 0.096083 0.091746
0 0.480166 0.124048 0.108667 0.089365
0 0.415375 0.106350 0.116084 0.088889
0 0.336875 0.090079 0.114416 0.081746
0 0.235833 0.094445 0.130000 0.080953
0 0.185833 0.082540 0.111667 0.082540
