0 0.600834 0.344445 0.198333 0.158731
0 0.379167 0.003968 0.040000 0.007937
0 0.318333 0.014285 0.063333 0.028571
0 0.246250 0.023016 0.114166 0.046032
0 0.147084 0.030953 0.089167 0.061905
0 0.083334 0.034127 0.038333 0.068254
0 0.035000 0.039683 0.070000 0.079365
0 0.061666 0.199207 0.123333 0.160317
0 0.041250 0.219841 0.082500 0.169841
0 0.108333 0.167460 0.216667 0.185714
0 0.231250 0.303968 0.209166 0.157143
0 0.234583 0.160317 0.152500 0.136508
0 0.318750 0.143651 0.130834 0.141270
0 0.424167 0.119048 0.153333 0.158730
0 0.508333 0.085714 0.171667 0.171429
0 0.630834 0.080158 0.113333 0.147619
0 0.696667 0.044444 0.156667 0.088889
0 0.790000 0.040476 0.113334 0.080952
0 0.856250 0.038889 0.137500 0.077778
0 0.955417 0.038095 0.089167 0.076190
0 0.968333 0.193651 0.063333 0.180952
0 0.944167 0.202381 0.016667 0.157142
0 0.788334 0.213492 0.311667 0.271428
0 0.707083 0.280159 0.212500 0.185714
0 0.631667 0.311905 0.215000 0.160317
0 0.427500 0.362698 0.256666 0.166667
0 0.895417 0.469842 0.202500 0.171429
0 0.840000 0.492063 0.151666 0.152381
0 0.760000 0.513492 0.240000 0.192064
0 0.661291 0.544444 0.137417 0.168254
0 0.566167 0.564286 0.191000 0.182540
0 0.462500 0.599206 0.178334 0.169841
0 0.382875 0.626191 0.177584 0.169841
0 0.268792 0.646032 0.220750 0.177778
0 0.097500 0.461112 0.195000 0.188889
0 0.024584 0.531746 0.049167 0.146032
0 0.070712 0.690190 0.141425 0.203555
0 0.182917 0.676984 0.227500 0.179365
0 0.030833 0.750794 0.061667 0.120635
0 0.936529 0.337627 0.126942 0.114620
0 0.935400 0.450508 0.129200 0.169842
0 0.741667 0.688095 0.178333 0.125397
0 0.954584 0.745239 0.090833 0.179365
0 0.883292 0.769841 0.203583 0.180952
0 0.778334 0.812698 0.118333 0.177777
0 0.567916 0.739683 0.259167 0.133333
0 0.647500 0.825397 0.235000 0.203174
0 0.296750 0.867460 0.166500 0.147619
0 0.425833 0.899207 0.270000 0.201587
0 0.155000 0.897619 0.205000 0.176190
0 0.033334 0.903968 0.066667 0.134921
0 0.084167 0.968254 0.168333 0.063492
0 0.794583 0.991270 0.114167 0.017460
