0 0.833046 0.004518 0.026778 0.009037
0 0.775926 0.830092 0.366666 0.208333
0 0.709259 0.699537 0.312963 0.169444
0 0.333334 0.766204 0.318519 0.217593
0 0.077778 0.468055 0.155556 0.171297
0 0.342593 0.584722 0.301852 0.150926
0 0.358333 0.477777 0.274074 0.111111
0 0.388426 0.400925 0.226852 0.087037
0 0.382408 0.320972 0.207407 0.113611
0 0.415741 0.275926 0.183333 0.064814
0 0.294907 0.205556 0.076852 0.111111
0 0.329167 0.171296 0.067593 0.068519
0 0.030555 0.334723 0.061111 0.084259
0 0.049074 0.272685 0.098148 0.093518
0 0.056481 0.228241 0.112963 0.075000
0 0.072222 0.200000 0.144444 0.072222
0 0.102778 0.172223 0.144444 0.066667
0 0.006945 0.163426 0.013889 0.037963
0 0.029167 0.127314 0.058333 0.065741
0 0.119908 0.149074 0.132407 0.061111
0 0.133333 0.124537 0.142593 0.063888
0 0.069444 0.089352 0.077777 0.043518
0 0.172644 0.105000 0.090065 0.047962
0 0.178028 0.085982 0.111352 0.058611
0 0.205551 0.075995 0.137880 0.069028
0 0.009260 0.037963 0.018519 0.046296
0 0.020370 0.029583 0.040741 0.040833
0 0.032468 0.021893 0.064935 0.043787
0 0.044819 0.013454 0.065417 0.026907
0 0.081245 0.008120 0.022139 0.016241
0 0.105088 0.004273 0.026972 0.008546
0 0.129379 0.001643 0.020759 0.003287
0 0.112639 0.071055 0.061111 0.043111
0 0.137995 0.039629 0.061287 0.048315
0 0.169732 0.021916 0.055593 0.043833
0 0.202796 0.010157 0.039926 0.020315
0 0.235171 0.048342 0.097602 0.043463
0 0.243102 0.034986 0.099518 0.043842
0 0.268412 0.024250 0.065713 0.036000
0 0.315741 0.963889 0.174074 0.072222
0 0.098611 0.936111 0.197222 0.127778
0 0.015741 0.856019 0.031481 0.141667
0 0.792129 0.943982 0.415741 0.112037
0 0.265597 0.016592 0.090528 0.033185
0 0.273768 0.010292 0.081389 0.020583
0 0.319468 0.008630 0.013657 0.017259
0 0.329384 0.003065 0.007343 0.006130
0 0.417593 0.221759 0.148148 0.069444
0 0.435000 0.180092 0.155926 0.067593
0 0.432870 0.149074 0.125000 0.044444
0 0.423704 0.132269 0.112222 0.047871
0 0.467963 0.119907 0.088148 0.049074
0 0.427315 0.081667 0.126852 0.060741
0 0.448653 0.047519 0.078528 0.016797
0 0.438254 0.047783 0.101731 0.027731
0 0.434435 0.033185 0.093500 0.044796
0 0.481972 0.028797 0.013444 0.029555
0 0.428306 0.021278 0.080333 0.033778
0 0.446778 0.013959 0.087111 0.027917
0 0.475000 0.005847 0.030222 0.011694
0 0.403232 0.008181 0.033945 0.016361
0 0.945833 0.395834 0.108333 0.084259
0 0.961574 0.334722 0.076852 0.050926
0 0.952778 0.312037 0.094444 0.077778
0 0.925463 0.278102 0.149074 0.071574
0 0.912861 0.244690 0.174278 0.059750
0 0.696759 0.575926 0.263889 0.133334
0 0.665278 0.475000 0.252778 0.127778
0 0.646945 0.393981 0.178333 0.076851
0 0.629630 0.349075 0.194445 0.088889
0 0.790277 0.346759 0.134259 0.123148
0 0.633333 0.293519 0.187037 0.070371
0 0.609722 0.258333 0.169444 0.070371
0 0.594445 0.222731 0.148149 0.061945
0 0.704630 0.174537 0.068519 0.067592
0 0.581481 0.193223 0.125481 0.054407
0 0.582954 0.168866 0.131037 0.049972
0 0.578333 0.147473 0.125852 0.045537
0 0.584602 0.121949 0.126592 0.047010
0 0.907417 0.216023 0.159537 0.056084
0 0.882977 0.195093 0.162991 0.059407
0 0.869144 0.166459 0.155657 0.046269
0 0.868514 0.147398 0.109380 0.043130
0 0.949547 0.151513 0.100907 0.055435
0 0.701982 0.133055 0.029981 0.021093
0 0.775454 0.131871 0.123445 0.046463
0 0.725870 0.092329 0.058852 0.074620
0 0.816231 0.110625 0.102871 0.036398
0 0.804385 0.098880 0.111565 0.038815
0 0.792269 0.078945 0.086111 0.034963
0 0.749143 0.056870 0.072935 0.016278
0 0.719611 0.048255 0.076796 0.050398
0 0.718889 0.040222 0.093463 0.039204
0 0.684319 0.029093 0.067601 0.040129
0 0.686185 0.015380 0.090000 0.030759
0 0.678370 0.008028 0.088000 0.016056
0 0.707685 0.004014 0.010908 0.008028
0 0.713556 0.004106 0.003611 0.008213
0 0.716102 0.003135 0.001666 0.006269
0 0.717907 0.001514 0.001574 0.003028
0 0.559260 0.087500 0.111111 0.052778
0 0.556018 0.065602 0.104629 0.034908
0 0.554254 0.047343 0.084935 0.038000
0 0.544010 0.030745 0.092667 0.052528
0 0.542380 0.016435 0.082222 0.032870
0 0.603500 0.005157 0.036612 0.010315
0 0.515676 0.013481 0.024074 0.022500
0 0.514315 0.011255 0.034870 0.022509
0 0.504176 0.005310 0.019056 0.010620
0 0.837352 0.058283 0.038815 0.036435
0 0.935833 0.034195 0.032129 0.031203
0 0.931912 0.014268 0.063528 0.027925
0 0.915167 0.009203 0.046574 0.018407
0 0.841843 0.035074 0.026000 0.017778
0 0.838842 0.032630 0.032445 0.021778
0 0.835037 0.023731 0.021482 0.013703
0 0.839083 0.014797 0.016111 0.006667
0 0.838426 0.011722 0.021018 0.009444
