0 0.909212 0.018725 0.062467 0.037450
0 0.849160 0.062850 0.062992 0.071000
0 0.812625 0.080400 0.060367 0.070000
0 0.779397 0.109800 0.073491 0.082500
0 0.728347 0.130300 0.088451 0.078000
0 0.828084 0.885000 0.207350 0.230000
0 0.943569 0.765000 0.112861 0.270000
0 0.433071 0.932500 0.225722 0.135000
0 0.586614 0.845000 0.212598 0.290000
0 0.715224 0.677500 0.191601 0.245000
0 0.850394 0.550000 0.157480 0.220000
0 0.915485 0.432500 0.132283 0.185000
0 0.963255 0.357500 0.073491 0.155000
0 0.059055 0.970000 0.118110 0.060000
0 0.259842 0.857500 0.262467 0.285000
0 0.434383 0.690000 0.217848 0.250000
0 0.583989 0.540000 0.170603 0.210000
0 0.694226 0.435000 0.149606 0.180000
0 0.790341 0.351900 0.124724 0.162000
0 0.886378 0.273600 0.116273 0.144000
0 0.940735 0.217050 0.094226 0.125500
0 0.964698 0.175950 0.070604 0.122000
0 0.981351 0.106675 0.037297 0.040750
0 0.992113 0.076425 0.015774 0.022650
0 0.111457 0.742400 0.222913 0.275600
0 0.287165 0.579650 0.225249 0.227500
0 0.469002 0.454400 0.173543 0.187200
0 0.608032 0.361100 0.144881 0.177600
0 0.680971 0.283500 0.116010 0.125500
0 0.722415 0.246150 0.093176 0.117000
0 0.766641 0.205000 0.095013 0.128000
0 0.839028 0.165050 0.088189 0.100000
0 0.880446 0.132550 0.088714 0.121000
0 0.925459 0.105550 0.065879 0.097000
0 0.945302 0.071350 0.062992 0.080500
0 0.971181 0.049100 0.057638 0.075000
0 0.983780 0.010850 0.032441 0.021700
0 0.057756 0.591825 0.115512 0.182850
0 0.169541 0.512325 0.218084 0.214550
0 0.401850 0.363850 0.164803 0.164000
0 0.470341 0.309050 0.102625 0.111500
0 0.538425 0.274050 0.119160 0.152500
0 0.609790 0.223600 0.099212 0.104000
0 0.031155 0.020075 0.062310 0.040150
0 0.083163 0.012075 0.046850 0.024150
0 0.128950 0.018725 0.068504 0.037450
0 0.045814 0.031650 0.091627 0.053000
0 0.173150 0.024875 0.086877 0.049750
0 0.082861 0.050850 0.074803 0.052000
0 0.035985 0.085250 0.071969 0.064800
0 0.269317 0.016500 0.070341 0.033000
0 0.218688 0.037600 0.086352 0.049000
0 0.134147 0.067250 0.090026 0.060500
0 0.052572 0.106100 0.102100 0.071500
0 0.308662 0.025500 0.072441 0.046000
0 0.262992 0.056550 0.075066 0.049000
0 0.193045 0.085500 0.105775 0.056000
0 0.103045 0.122350 0.118897 0.068500
0 0.024173 0.155800 0.048346 0.069800
0 0.427008 0.019275 0.078740 0.038550
0 0.373596 0.044850 0.081102 0.057500
0 0.313307 0.077000 0.096850 0.063000
0 0.547664 0.019225 0.095014 0.038450
0 0.479134 0.034700 0.069816 0.039000
0 0.412979 0.064550 0.079764 0.058500
0 0.349344 0.105950 0.088189 0.071500
0 0.232310 0.105850 0.099475 0.061000
0 0.150709 0.147250 0.108924 0.073500
0 0.059803 0.193075 0.119606 0.093950
0 0.591850 0.031300 0.054042 0.041000
0 0.534882 0.060200 0.068242 0.058000
0 0.483255 0.084200 0.100787 0.072500
0 0.422901 0.116600 0.101549 0.081000
0 0.269448 0.135850 0.087139 0.070500
0 0.334541 0.166100 0.123885 0.067000
0 0.211024 0.183450 0.121260 0.093000
0 0.670735 0.178700 0.106300 0.095000
0 0.115433 0.222300 0.141732 0.091000
0 0.045984 0.264950 0.091969 0.069000
0 0.702074 0.030225 0.065879 0.060450
0 0.641785 0.056550 0.077690 0.065000
0 0.581574 0.086100 0.077165 0.076000
0 0.518031 0.122650 0.092651 0.080000
0 0.459239 0.154550 0.095538 0.058000
0 0.377402 0.188400 0.106824 0.071500
0 0.265460 0.224700 0.139895 0.097000
0 0.155591 0.296300 0.145145 0.144500
0 0.064016 0.311200 0.128031 0.080000
0 0.841824 0.014200 0.041548 0.028400
0 0.800237 0.023725 0.059055 0.047450
0 0.766457 0.045750 0.052493 0.050500
0 0.721890 0.066700 0.063780 0.054000
0 0.681339 0.099200 0.066405 0.074500
0 0.623018 0.125250 0.084252 0.088500
0 0.566746 0.163800 0.100525 0.077000
0 0.467218 0.210450 0.134121 0.097000
0 0.374987 0.276350 0.136220 0.130500
0 0.241575 0.339450 0.182677 0.174000
0 0.079081 0.420100 0.158163 0.180000
0 0.883622 0.040450 0.067454 0.064000
