0 0.683333 0.549342 0.401852 0.296052
0 0.503240 0.537829 0.232407 0.217106
0 0.597843 0.402195 0.071889 0.041431
0 0.612870 0.418454 0.027778 0.030428
0 0.773824 0.397286 0.016296 0.019408
0 0.950463 0.408338 0.034074 0.017105
0 0.865385 0.455091 0.077861 0.097813
0 0.968199 0.458314 0.063602 0.096628
0 0.973477 0.515402 0.053046 0.187319
0 0.013444 0.417960 0.026889 0.039703
0 0.099158 0.399392 0.051797 0.013619
0 0.048472 0.443298 0.096944 0.086299
0 0.088972 0.468569 0.177593 0.141875
0 0.181190 0.464071 0.170880 0.136760
0 0.226760 0.478619 0.177963 0.154605
0 0.326486 0.475214 0.263120 0.187862
0 0.371760 0.497533 0.208333 0.182566
0 0.462037 0.504934 0.275926 0.197368
