0 0.899579 0.061050 0.037079 0.069500
0 0.944860 0.065050 0.038764 0.081500
0 0.988722 0.079800 0.022556 0.083600
0 0.995408 0.185350 0.009185 0.057500
0 0.200000 0.028600 0.061798 0.053500
0 0.122809 0.073000 0.065450 0.053000
0 0.079944 0.087600 0.073876 0.056500
0 0.162528 0.175600 0.077248 0.067500
0 0.520871 0.021250 0.041348 0.042500
0 0.497107 0.029450 0.071348 0.058900
0 0.478034 0.049300 0.076966 0.062500
0 0.415534 0.086400 0.083708 0.067000
0 0.396713 0.114350 0.074157 0.072000
0 0.358932 0.141000 0.082303 0.072000
0 0.312528 0.166350 0.090450 0.084000
0 0.256882 0.201500 0.099438 0.088000
0 0.198034 0.240000 0.115169 0.110000
0 0.674438 0.366000 0.136798 0.102000
0 0.561011 0.239650 0.109551 0.075000
0 0.530421 0.280450 0.135674 0.101500
0 0.497752 0.365850 0.170225 0.133000
0 0.641966 0.433900 0.149719 0.122500
0 0.618610 0.502050 0.159691 0.155500
0 0.611180 0.627950 0.184382 0.164400
0 0.006165 0.453050 0.012331 0.037600
0 0.038090 0.537650 0.076180 0.170700
0 0.327921 0.629250 0.182023 0.163500
0 0.157303 0.290000 0.101123 0.100000
0 0.098314 0.337500 0.117977 0.145000
0 0.442416 0.457500 0.148876 0.135000
0 0.379213 0.535000 0.134831 0.140000
0 0.511235 0.907500 0.241573 0.185000
0 0.578651 0.775000 0.230337 0.210000
0 0.872191 0.322500 0.132022 0.075000
0 0.878371 0.385000 0.136517 0.090000
0 0.865169 0.492500 0.162921 0.155000
0 0.838483 0.735000 0.210674 0.180000
0 0.825843 0.895000 0.241573 0.210000
0 0.748595 0.990000 0.103933 0.020000
0 0.254424 0.778875 0.208230 0.224650
0 0.659916 0.069700 0.086236 0.061000
0 0.641377 0.086200 0.071629 0.033000
0 0.631489 0.123250 0.098315 0.080500
0 0.614579 0.158150 0.098595 0.090000
0 0.588989 0.195700 0.102247 0.076000
0 0.768483 0.097250 0.088764 0.064500
0 0.750590 0.118050 0.084832 0.057000
0 0.751995 0.153950 0.096629 0.085000
0 0.750618 0.196900 0.093820 0.085500
0 0.871995 0.268650 0.122753 0.085000
0 0.723988 0.261450 0.117697 0.101000
0 0.699438 0.299500 0.121068 0.087000
0 0.674789 0.021200 0.041882 0.042400
0 0.811545 0.041450 0.039045 0.063500
0 0.762697 0.031400 0.041292 0.062800
0 0.719115 0.025775 0.042388 0.051550
0 0.853708 0.051550 0.036517 0.064000
